1790611200000,0.2446,0.2548,0.239,0.2443
1790524800000,0.2544,0.2581,0.2394,0.24
1790438400000,0.2659,0.268,0.2503,0.2543
1790352000000,0.2631,0.2681,0.2599,0.2659
1790265600000,0.267,0.2703,0.2583,0.2631
1790179200000,0.2619,0.2719,0.2594,0.267
1790092800000,0.2583,0.2685,0.2555,0.2619
1790006400000,0.2613,0.2661,0.2537,0.2583
1789920000000,0.2702,0.2751,0.2565,0.2613
1789833600000,0.2775,0.2822,0.2656,0.2702
1789747200000,0.2895,0.2915,0.2734,0.2775
1789660800000,0.291,0.2978,0.284,0.2895
1789574400000,0.2916,0.3003,0.2858,0.291
1789488000000,0.2977,0.3015,0.2855,0.2916
1789401600000,0.3095,0.3142,0.2915,0.2977
1789315200000,0.3142,0.3251,0.3053,0.3095
1789228800000,0.3185,0.3227,0.3075,0.3142
1789142400000,0.3274,0.3335,0.3142,0.3185
1789056000000,0.3435,0.348,0.322,0.3274
1788969600000,0.3545,0.3615,0.3375,0.3435
1788883200000,0.3618,0.3725,0.3485,0.3545
1788796800000,0.3585,0.372,0.348,0.3618
1788710400000,0.3725,0.3795,0.3515,0.3585
1788624000000,0.3855,0.3935,0.3655,0.3725
1788537600000,0.4015,0.4085,0.3785,0.3855
1788451200000,0.4125,0.4255,0.3955,0.4015
1788364800000,0.4255,0.4385,0.4055,0.4125
1788278400000,0.4385,0.4525,0.4185,0.4255
1788192000000,0.4525,0.4685,0.4355,0.4385
1788105600000,0.4685,0.4855,0.4485,0.4525
1788019200000,0.4855,0.5025,0.4655,0.4685
1787932800000,0.5025,0.5185,0.4785,0.4855
1787846400000,0.5185,0.5355,0.4955,0.5025
1787760000000,0.5355,0.5525,0.5125,0.5185
1787673600000,0.5525,0.5685,0.5285,0.5355
1787587200000,0.5685,0.5855,0.5455,0.5525
1787500800000,0.5855,0.6025,0.5625,0.5685
1787414400000,0.6025,0.6185,0.5785,0.5855
1787328000000,0.6185,0.6355,0.5955,0.6025
1787241600000,0.6355,0.6525,0.6125,0.6185
1787155200000,0.6525,0.6685,0.6285,0.6355
1787068800000,0.6685,0.6855,0.6455,0.6525
1786982400000,0.6855,0.7025,0.6625,0.6685
1786896000000,0.7025,0.7185,0.6785,0.6855
1786809600000,0.7185,0.7355,0.6955,0.7025
1786723200000,0.7355,0.7525,0.7125,0.7185
1786636800000,0.7525,0.7685,0.7285,0.7355
1786550400000,0.7685,0.7855,0.7455,0.7525
1786464000000,0.7855,0.8025,0.7625,0.7685
1786377600000,0.8025,0.8185,0.7785,0.7855
1786291200000,0.8185,0.8355,0.7955,0.8025
1786204800000,0.8355,0.8525,0.8125,0.8185
1786118400000,0.8525,0.8685,0.8285,0.8355
1786032000000,0.8685,0.8855,0.8455,0.8525
1785945600000,0.8855,0.9025,0.8625,0.8685
1785859200000,0.9025,0.9185,0.8785,0.8855
1785772800000,0.9185,0.9355,0.8955,0.9025
1785686400000,0.9355,0.9525,0.9125,0.9185
1785600000000,0.9525,0.9685,0.9285,0.9355
1785513600000,0.9685,0.9855,0.9455,0.9525
1785427200000,0.9855,1.0025,0.9625,0.9685
1785340800000,1.0025,1.0185,0.9785,0.9855
1785254400000,1.0185,1.0355,0.9955,1.0025
1785168000000,1.0355,1.0525,1.0125,1.0185
1785081600000,1.0525,1.0685,1.0285,1.0355
1784995200000,1.0685,1.0855,1.0455,1.0525
1784908800000,1.0855,1.1025,1.0625,1.0685
1784822400000,1.1025,1.1185,1.0785,1.0855
1784736000000,1.1185,1.1355,1.0955,1.1025
1784649600000,1.1355,1.1525,1.1125,1.1185
1784563200000,1.1525,1.1685,1.1285,1.1355
1784476800000,1.1685,1.1855,1.1455,1.1525
1784390400000,1.1855,1.2025,1.1625,1.1685
1784304000000,1.2025,1.2185,1.1785,1.1855
1784217600000,1.2185,1.2355,1.1955,1.2025
1784131200000,1.2355,1.2525,1.2125,1.2185
1784044800000,1.2525,1.2685,1.2285,1.2355
1783958400000,1.2685,1.2855,1.2455,1.2525
1783872000000,1.2855,1.3025,1.2625,1.2685
1783785600000,1.3025,1.3185,1.2785,1.2855
1783699200000,1.3185,1.3355,1.2955,1.3025
1783612800000,1.3355,1.3525,1.3125,1.3185
1783526400000,1.3525,1.3685,1.3285,1.3355
1783440000000,1.3685,1.3855,1.3455,1.3525
1783353600000,1.3855,1.4025,1.3625,1.3685
1783267200000,1.4025,1.4185,1.3785,1.3855
1783180800000,1.4185,1.4355,1.3955,1.4025
1783094400000,1.4355,1.4525,1.4125,1.4185
1783008000000,1.4525,1.4685,1.4285,1.4355
1782921600000,1.4685,1.4855,1.4455,1.4525
1782835200000,1.4855,1.5025,1.4625,1.4685
1782748800000,1.5025,1.5185,1.4785,1.4855
1782662400000,1.5185,1.5355,1.4955,1.5025
1782576000000,1.5355,1.5525,1.5125,1.5185
1782489600000,1.5525,1.5685,1.5285,1.5355
1782403200000,1.5685,1.5855,1.5455,1.5525
1782316800000,1.5855,1.6025,1.5625,1.5685
1782230400000,1.6025,1.6185,1.5785,1.5855
1782144000000,1.6185,1.6355,1.5955,1.6025
1782057600000,1.6355,1.6525,1.6125,1.6185
1781971200000,1.6525,1.6685,1.6285,1.6355
1781884800000,1.6685,1.6855,1.6455,1.6525
1781798400000,1.6855,1.7025,1.6625,1.6685
1781712000000,1.7025,1.7185,1.6785,1.6855
1781625600000,1.7185,1.7355,1.6955,1.7025
1781539200000,1.7355,1.7525,1.7125,1.7185
1781452800000,1.7525,1.7685,1.7285,1.7355
1781366400000,1.7685,1.7855,1.7455,1.7525
1781280000000,1.7855,1.8025,1.7625,1.7685
1781193600000,1.8025,1.8185,1.7785,1.7855
1781107200000,1.8185,1.8355,1.7955,1.8025
1781020800000,1.8355,1.8525,1.8125,1.8185
1780934400000,1.8525,1.8685,1.8285,1.8355
1780848000000,1.8685,1.8855,1.8455,1.8525
1780761600000,1.8855,1.9025,1.8625,1.8685
1780675200000,1.9025,1.9185,1.8785,1.8855
1780588800000,1.9185,1.9355,1.8955,1.9025
1780502400000,1.9355,1.9525,1.9125,1.9185
1780416000000,1.9525,1.9685,1.9285,1.9355
1780329600000,1.9685,1.9855,1.9455,1.9525
1780243200000,1.9855,2.0025,1.9625,1.9685
1780156800000,2.0025,2.0185,1.9785,1.9855
1780070400000,2.0185,2.0355,1.9955,2.0025
1779984000000,2.0355,2.0525,2.0125,2.0185
1779897600000,2.0525,2.0685,2.0285,2.0355
1779811200000,2.0685,2.0855,2.0455,2.0525
1779724800000,2.0855,2.1025,2.0625,2.0685
1779638400000,2.1025,2.1185,2.0785,2.0855
1779552000000,2.1185,2.1355,2.0955,2.1025
1779465600000,2.1355,2.1525,2.1125,2.1185
1779379200000,2.1525,2.1685,2.1285,2.1355
1779292800000,2.1685,2.1855,2.1455,2.1525
1779206400000,2.1855,2.2025,2.1625,2.1685
1779120000000,2.2025,2.2185,2.1785,2.1855
1779033600000,2.2185,2.2355,2.1955,2.2025
1778947200000,2.2355,2.2525,2.2125,2.2185
1778860800000,2.2525,2.2685,2.2285,2.2355
1778774400000,2.2685,2.2855,2.2455,2.2525
1778688000000,2.2855,2.3025,2.2625,2.2685
1778601600000,2.3025,2.3185,2.2785,2.2855
1778515200000,2.3185,2.3355,2.2955,2.3025
1778428800000,2.3355,2.3525,2.3125,2.3185
1778342400000,2.3525,2.3685,2.3285,2.3355
1778256000000,2.3685,2.3855,2.3455,2.3525
1778169600000,2.3855,2.4025,2.3625,2.3685
1778083200000,2.4025,2.4185,2.3785,2.3855
1777996800000,2.4185,2.4355,2.3955,2.4025
1777910400000,2.4355,2.4525,2.4125,2.4185
1777824000000,2.4525,2.4685,2.4285,2.4355
1777737600000,2.4685,2.4855,2.4455,2.4525
1777651200000,2.4855,2.5025,2.4625,2.4685
1777564800000,2.5025,2.5185,2.4785,2.4855
1777478400000,2.5185,2.5355,2.4955,2.5025
1777392000000,2.5355,2.5525,2.5125,2.5185
1777305600000,2.5525,2.5685,2.5285,2.5355
1777219200000,2.5685,2.5855,2.5455,2.5525
1777132800000,2.5855,2.6025,2.5625,2.5685
1777046400000,2.6025,2.6185,2.5785,2.5855
1776960000000,2.6185,2.6355,2.5955,2.6025
1776873600000,2.6355,2.6525,2.6125,2.6185
1776787200000,2.6525,2.6685,2.6285,2.6355
1776700800000,2.6685,2.6855,2.6455,2.6525
1776614400000,2.6855,2.7025,2.6625,2.6685
1776528000000,2.7025,2.7185,2.6785,2.6855
1776441600000,2.7185,2.7355,2.6955,2.7025
1776355200000,2.7355,2.7525,2.7125,2.7185
1776268800000,2.7525,2.7685,2.7285,2.7355
1776182400000,2.7685,2.7855,2.7455,2.7525
1776096000000,2.7855,2.8025,2.7625,2.7685
1776009600000,2.8025,2.8185,2.7785,2.7855
1775923200000,2.8185,2.8355,2.7955,2.8025
1775836800000,2.8355,2.8525,2.8125,2.8185
1775750400000,2.8525,2.8685,2.8285,2.8355
1775664000000,2.8685,2.8855,2.8455,2.8525
1775577600000,2.8855,2.9025,2.8625,2.8685
1775491200000,2.9025,2.9185,2.8785,2.8855
1775404800000,2.9185,2.9355,2.8955,2.9025
1775318400000,2.9355,2.9525,2.9125,2.9185
1775232000000,2.9525,2.9685,2.9285,2.9355
1775145600000,2.9685,2.9855,2.9455,2.9525
1775059200000,2.9855,3.0025,2.9625,2.9685
1774972800000,3.0025,3.0185,2.9785,2.9855
1774886400000,3.0185,3.0355,2.9955,3.0025
1774800000000,3.0355,3.0525,3.0125,3.0185
1774713600000,3.0525,3.0685,3.0285,3.0355
1774627200000,3.0685,3.0855,3.0455,3.0525
1774540800000,3.0855,3.1025,3.0625,3.0685
1774454400000,3.1025,3.1185,3.0785,3.0855
1774368000000,3.1185,3.1355,3.0955,3.1025
1774281600000,3.1355,3.1525,3.1125,3.1185
1774195200000,3.1525,3.1685,3.1285,3.1355
1774108800000,3.1685,3.1855,3.1455,3.1525
1774022400000,3.1855,3.2025,3.1625,3.1685
1773936000000,3.2025,3.2185,3.1785,3.1855
1773849600000,3.2185,3.2355,3.1955,3.2025
1773763200000,3.2355,3.2525,3.2125,3.2185
1773676800000,3.2525,3.2685,3.2285,3.2355
1773590400000,3.2685,3.2855,3.2455,3.2525
1773504000000,3.2855,3.3025,3.2625,3.2685
1773417600000,3.3025,3.3185,3.2785,3.2855
1773331200000,3.3185,3.3355,3.2955,3.3025
1773244800000,3.3355,3.3525,3.3125,3.3185
1773158400000,3.3525,3.3685,3.3285,3.3355
1773072000000,3.3685,3.3855,3.3455,3.3525
1772985600000,3.3855,3.4025,3.3625,3.3685
1772899200000,3.4025,3.4185,3.3785,3.3855
1772812800000,3.4185,3.4355,3.3955,3.4025
1772726400000,3.4355,3.4525,3.4125,3.4185
1772640000000,3.4525,3.4685,3.4285,3.4355
1772553600000,3.4685,3.4855,3.4455,3.4525
1772467200000,3.4855,3.5025,3.4625,3.4685
1772380800000,3.5025,3.5185,3.4785,3.4855
1772294400000,3.5185,3.5355,3.4955,3.5025
1772208000000,3.5355,3.5525,3.5125,3.5185
1772121600000,3.5525,3.5685,3.5285,3.5355
1772035200000,3.5685,3.5855,3.5455,3.5525
1771948800000,3.5855,3.6025,3.5625,3.5685
1771862400000,3.6025,3.6185,3.5785,3.5855
1771776000000,3.6185,3.6355,3.5955,3.6025
1771689600000,3.6355,3.6525,3.6125,3.6185
1771603200000,3.6525,3.6685,3.6285,3.6355
1771516800000,3.6685,3.6855,3.6455,3.6525
1771430400000,3.6855,3.7025,3.6625,3.6685
1771344000000,3.7025,3.7185,3.6785,3.6855
1771257600000,3.7185,3.7355,3.6955,3.7025
1771171200000,3.7355,3.7525,3.7125,3.7185
1771084800000,3.7525,3.7685,3.7285,3.7355
1770998400000,3.7685,3.7855,3.7455,3.7525
1770912000000,3.7855,3.8025,3.7625,3.7685
1770825600000,3.8025,3.8185,3.7785,3.7855
1770739200000,3.8185,3.8355,3.7955,3.8025
1770652800000,3.8355,3.8525,3.8125,3.8185
1770566400000,3.8525,3.8685,3.8285,3.8355
1770480000000,3.8685,3.8855,3.8455,3.8525
1770393600000,3.8855,3.9025,3.8625,3.8685
1770307200000,3.9025,3.9185,3.8785,3.8855
1770220800000,3.9185,3.9355,3.8955,3.9025
1770134400000,3.9355,3.9525,3.9125,3.9185
1770048000000,3.9525,3.9685,3.9285,3.9355
1769961600000,3.9685,3.9855,3.9455,3.9525
1769875200000,3.9855,4.0025,3.9625,3.9685
1769788800000,4.0025,4.0185,3.9785,3.9855
1769702400000,4.0185,4.0355,3.9955,4.0025
1769616000000,4.0355,4.0525,4.0125,4.0185
1769529600000,4.0525,4.0685,4.0285,4.0355
1769443200000,4.0685,4.0855,4.0455,4.0525
1769356800000,4.0855,4.1025,4.0625,4.0685
1769270400000,4.1025,4.1185,4.0785,4.0855
1769184000000,4.1185,4.1355,4.0955,4.1025
1769097600000,4.1355,4.1525,4.1125,4.1185
1769011200000,4.1525,4.1685,4.1285,4.1355
1768924800000,4.1685,4.1855,4.1455,4.1525
1768838400000,4.1855,4.2025,4.1625,4.1685
1768752000000,4.2025,4.2185,4.1785,4.1855
1768665600000,4.2185,4.2355,4.1955,4.2025
1768579200000,4.2355,4.2525,4.2125,4.2185
1768492800000,4.2525,4.2685,4.2285,4.2355
1768406400000,4.2685,4.2855,4.2455,4.2525
1768320000000,4.2855,4.3025,4.2625,4.2685
1768233600000,4.3025,4.3185,4.2785,4.2855
1768147200000,4.3185,4.3355,4.2955,4.3025
1768060800000,4.3355,4.3525,4.3125,4.3185
1767974400000,4.3525,4.3685,4.3285,4.3355
1767888000000,4.3685,4.3855,4.3455,4.3525
1767801600000,4.3855,4.4025,4.3625,4.3685
1767715200000,4.4025,4.4185,4.3785,4.3855
1767628800000,4.4185,4.4355,4.3955,4.4025
1767542400000,4.4355,4.4525,4.4125,4.4185
1767456000000,4.4525,4.4685,4.4285,4.4355
1767369600000,4.4685,4.4855,4.4455,4.4525
1767283200000,4.4855,4.5025,4.4625,4.4685
1767196800000,4.5025,4.5185,4.4785,4.4855
1767110400000,4.5185,4.5355,4.4955,4.5025
1767024000000,4.5355,4.5525,4.5125,4.5185
1766937600000,4.5525,4.5685,4.5285,4.5355
1766851200000,4.5685,4.5855,4.5455,4.5525
1766764800000,4.5855,4.6025,4.5625,4.5685
1766678400000,4.6025,4.6185,4.5785,4.5855
1766592000000,4.6185,4.6355,4.5955,4.6025
1766505600000,4.6355,4.6525,4.6125,4.6185
1766419200000,4.6525,4.6685,4.6285,4.6355
1766332800000,4.6685,4.6855,4.6455,4.6525
1766246400000,4.6855,4.7025,4.6625,4.6685
1766160000000,4.7025,4.7185,4.6785,4.6855
1766073600000,4.7185,4.7355,4.6955,4.7025
1765987200000,4.7355,4.7525,4.7125,4.7185
1765900800000,4.7525,4.7685,4.7285,4.7355
1765814400000,4.7685,4.7855,4.7455,4.7525
1765728000000,4.7855,4.8025,4.7625,4.7685
1765641600000,4.8025,4.8185,4.7785,4.7855
1765555200000,4.8185,4.8355,4.7955,4.8025
1765468800000,4.8355,4.8525,4.8125,4.8185
1765382400000,4.8525,4.8685,4.8285,4.8355
1765296000000,4.8685,4.8855,4.8455,4.8525
1765209600000,4.8855,4.9025,4.8625,4.8685
1765123200000,4.9025,4.9185,4.8785,4.8855
1765036800000,4.9185,4.9355,4.8955,4.9025
1764950400000,0.4262,0.4265,0.4092,0.4149
1764864000000,0.4506,0.452,0.4232,0.4261
