1738857600000,0.7111,0.7535,0.6976,0.7312
1738771200000,0.7626,0.7659,0.7034,0.711
1738684800000,0.7585,0.7894,0.7218,0.7626
1738598400000,0.7646,0.824,0.7148,0.7581
1738512000000,0.8705,0.871,0.5028,0.7647
1738425600000,0.9274,0.9331,0.858,0.8705
1738339200000,0.979,0.9835,0.9181,0.9273
1738252800000,0.9764,0.9836,0.9363,0.9792
1738166400000,0.9224,0.9885,0.9018,0.9758
1738080000000,0.959,0.9605,0.9034,0.9226
1737993600000,0.9187,0.9685,0.894,0.9591
1737907200000,0.9927,1.0005,0.8561,0.9186
1737820800000,0.9873,0.9948,0.9739,0.9926
1737734400000,0.9952,0.9993,0.9641,0.9873
1737648000000,0.9949,1.012,0.9623,0.9949
1737561600000,0.991,1.0054,0.9513,0.9949
1737475200000,0.9937,1.0286,0.9784,0.9909
1737388800000,1.048,1.061,0.9514,0.9939
1737302400000,1.0735,1.1014,0.9605,1.0474
1737216000000,1.0718,1.152,1.0062,1.0742
1737129600000,1.1106,1.1665,1.0482,1.0714
1737043200000,1.1025,1.1453,1.08,1.1105
1736956800000,1.0642,1.1152,1.0274,1.1022
1736870400000,0.9819,1.0767,0.9691,1.0642
1736784000000,0.9262,0.9973,0.9012,0.982
1736697600000,0.9933,0.9983,0.8754,0.9261
1736611200000,0.9373,1.0366,0.932,0.9932
1736524800000,0.9292,0.9577,0.9137,0.9368
1736438400000,0.9291,0.974,0.8836,0.929
1736352000000,0.9749,0.9789,0.8798,0.9289
1736265600000,1.0449,1.0645,0.9608,0.9749
1736179200000,1.0953,1.152,1.029,1.045
1736092800000,1.0903,1.1076,1.0617,1.0952
1736006400000,1.065,1.113,1.0526,1.0902
1735920000000,1.0861,1.1195,1.0562,1.0653
1735833600000,0.9552,1.1013,0.945,1.0858
1735747200000,0.8773,0.9828,0.876,0.9549
1735660800000,0.8698,0.8788,0.8381,0.8772
1735574400000,0.8407,0.8811,0.8298,0.8696
1735488000000,0.8839,0.9049,0.8312,0.8407
1735401600000,0.8759,0.9122,0.8731,0.8838
1735315200000,0.8744,0.8985,0.8649,0.8759
1735228800000,0.8668,0.9145,0.8508,0.8742
1735142400000,0.9129,0.928,0.861,0.8666
1735056000000,0.9446,0.95,0.9058,0.9127
1734969600000,0.8656,0.9506,0.8647,0.9447
1734883200000,0.8878,0.9154,0.8587,0.865
1734796800000,0.9215,0.9252,0.8696,0.8876
1734710400000,0.8762,0.9979,0.8686,0.9211
1734624000000,0.943,0.9508,0.7611,0.8762
1734537600000,1.023,1.0591,0.916,0.9432
1734451200000,1.0705,1.0988,1.0088,1.0234
1734364800000,1.0672,1.1215,1.0555,1.0706
1734278400000,1.0876,1.119,1.0477,1.0673
1734192000000,1.0786,1.0968,1.0388,1.0874
1734105600000,1.0845,1.1337,1.0634,1.0788
1734019200000,1.1385,1.1549,1.0773,1.0848
1733932800000,1.0947,1.1819,1.0696,1.1387
1733846400000,0.9492,1.1145,0.9096,1.0945
1733760000000,1.1152,1.1331,0.8918,0.9487
1733673600000,1.1873,1.199,1.0933,1.1145
1733587200000,1.2193,1.2279,1.1723,1.1874
1733500800000,1.2057,1.237,1.1875,1.2194
1733414400000,1.2111,1.2448,1.1342,1.2055
1733328000000,1.1907,1.2382,1.1156,1.2108
1733241600000,1.1973,1.2415,1.168,1.1904
1733155200000,1.2068,1.3265,1.1401,1.197
1733068800000,1.0734,1.2254,1.0555,1.207
1732982400000,1.0923,1.0967,1.035,1.0734
1732896000000,1.0757,1.1499,1.0381,1.0925
1732809600000,0.9775,1.1,0.9774,1.0755
1732723200000,1.034,1.0398,0.9701,0.9772
1732636800000,0.907,1.0415,0.8927,1.0347
1732550400000,1.0061,1.0199,0.8743,0.9068
1732464000000,0.9483,1.0786,0.9414,1.0061
1732377600000,1.1034,1.1302,0.9409,0.9483
1732291200000,0.9264,1.155,0.9235,1.1029
1732204800000,0.7793,0.9321,0.7778,0.9262
1732118400000,0.8352,0.8431,0.7659,0.7791
1732032000000,0.7297,0.8483,0.72,0.8355
1731945600000,0.765,0.7683,0.7224,0.7299
1731859200000,0.7257,0.7844,0.6971,0.7651
1731772800000,0.7452,0.7742,0.6907,0.7256
1731686400000,0.6472,0.82,0.6421,0.7455
1731600000000,0.5481,0.6959,0.5463,0.6471
1731513600000,0.5952,0.5992,0.5419,0.5479
1731427200000,0.571,0.6098,0.519,0.5953
1731340800000,0.6011,0.6542,0.5564,0.5708
1731254400000,0.5991,0.6328,0.5431,0.6012
1731168000000,0.4378,0.6599,0.4332,0.599
1731081600000,0.4501,0.4589,0.4273,0.4374
1730995200000,0.3885,0.4509,0.385,0.4501
1730908800000,0.3533,0.3885,0.3518,0.3885
1730822400000,0.3341,0.366,0.3288,0.3532
1730736000000,0.3281,0.3367,0.3202,0.334
1730649600000,0.3333,0.3368,0.3248,0.3282
1730563200000,0.3544,0.3568,0.3296,0.3335
1730476800000,0.3525,0.3639,0.3484,0.3544
1730390400000,0.3448,0.362,0.334,0.3524
1730304000000,0.3545,0.3613,0.3446,0.3448
1730217600000,0.3505,0.364,0.3493,0.3547
1730131200000,0.3336,0.3511,0.3313,0.3505
1730044800000,0.3397,0.3424,0.3304,0.3336
1729958400000,0.3255,0.3402,0.325,0.3397
1729872000000,0.3421,0.346,0.3127,0.3256
1729785600000,0.3435,0.3508,0.337,0.3422
1729699200000,0.3502,0.3552,0.3396,0.3435
1729612800000,0.3632,0.3692,0.349,0.3503
1729526400000,0.358,0.3682,0.3531,0.3634
1729440000000,0.3599,0.373,0.3541,0.358
1729353600000,0.3519,0.3601,0.3483,0.3601
1729267200000,0.3495,0.3571,0.3473,0.3518
1729180800000,0.3489,0.3507,0.3393,0.3494
1729094400000,0.3537,0.3564,0.3425,0.3487
1729008000000,0.3556,0.364,0.3508,0.3537
1728921600000,0.3634,0.371,0.3478,0.3555
1728835200000,0.3455,0.3641,0.3424,0.3633
1728748800000,0.3546,0.3596,0.3443,0.3457
1728662400000,0.3502,0.3567,0.3491,0.3546
1728576000000,0.3375,0.3506,0.3315,0.3503
1728489600000,0.3435,0.3435,0.333,0.3375
1728403200000,0.345,0.3482,0.3369,0.3434
1728316800000,0.3583,0.3613,0.3416,0.3451
1728230400000,0.3534,0.3684,0.3518,0.3585
1728144000000,0.3529,0.3546,0.3455,0.3534
1728057600000,0.353,0.3561,0.3487,0.353
1727971200000,0.339,0.3561,0.3336,0.3529
1727884800000,0.352,0.3553,0.3318,0.339
1727798400000,0.3665,0.3679,0.3425,0.3521
1727712000000,0.3786,0.386,0.3551,0.367
1727625600000,0.4006,0.4045,0.3783,0.3785
1727539200000,0.4017,0.4042,0.3927,0.4005
1727452800000,0.4043,0.4072,0.3922,0.4017
1727366400000,0.4016,0.4158,0.395,0.4045
1727280000000,0.3835,0.4041,0.3781,0.4017
1727193600000,0.3721,0.394,0.3721,0.3834
1727107200000,0.3566,0.3772,0.3541,0.3721
1727020800000,0.3477,0.3605,0.3429,0.3566
1726934400000,0.3557,0.3597,0.347,0.3478
1726848000000,0.3547,0.3583,0.3496,0.3558
1726761600000,0.3521,0.3613,0.3488,0.3546
1726675200000,0.3283,0.3548,0.3272,0.352
1726588800000,0.3408,0.341,0.3274,0.3284
1726502400000,0.3312,0.3432,0.3264,0.3408
1726416000000,0.3489,0.3489,0.3272,0.3311
1726329600000,0.3545,0.3563,0.3455,0.3488
1726243200000,0.3642,0.365,0.3529,0.3546
1726156800000,0.3557,0.3644,0.3503,0.3641
1726070400000,0.3375,0.3615,0.3373,0.3558
1725984000000,0.3412,0.3457,0.33,0.3377
1725897600000,0.3417,0.3489,0.3374,0.3412
1725811200000,0.3322,0.3489,0.3313,0.3416
1725724800000,0.3243,0.3409,0.3225,0.3319
1725638400000,0.3174,0.326,0.3034,0.3244
1725552000000,0.3259,0.3318,0.3134,0.3176
1725465600000,0.3259,0.3401,0.3194,0.3258
1725379200000,0.3202,0.3261,0.3051,0.3259
1725292800000,0.3324,0.3396,0.3199,0.3204
1725206400000,0.3403,0.3421,0.325,0.3324
1725120000000,0.3492,0.3493,0.3353,0.3403
1725033600000,0.3401,0.3503,0.3371,0.3491
1724947200000,0.3647,0.3655,0.3383,0.3399
1724860800000,0.3514,0.3675,0.3406,0.3646
1724774400000,0.3625,0.3679,0.3418,0.3514
1724688000000,0.3727,0.3744,0.3603,0.3626
1724601600000,0.3876,0.3908,0.3692,0.3729
1724515200000,0.3946,0.4013,0.3775,0.3875
1724428800000,0.3827,0.3967,0.3814,0.3948
1724342400000,0.3697,0.3879,0.3682,0.3826
1724256000000,0.3574,0.3775,0.3564,0.3697
1724169600000,0.3392,0.3604,0.3387,0.3577
1724083200000,0.3326,0.3463,0.3301,0.3393
1723996800000,0.3387,0.3398,0.3278,0.3326
1723910400000,0.3354,0.34,0.3327,0.3387
1723824000000,0.3241,0.3362,0.3238,0.3353
1723737600000,0.3383,0.3453,0.3205,0.3243
1723651200000,0.3377,0.3418,0.3323,0.3383
1723564800000,0.3367,0.3455,0.331,0.3378
1723478400000,0.341,0.3424,0.3307,0.3368
1723392000000,0.3403,0.3447,0.3266,0.3409
1723305600000,0.3456,0.3565,0.3391,0.3403
1723219200000,0.3409,0.3524,0.3404,0.3457
1723132800000,0.3398,0.3544,0.3365,0.3408
1723046400000,0.3237,0.3399,0.3162,0.3398
1722960000000,0.3327,0.3409,0.3213,0.324
1722873600000,0.3194,0.3368,0.306,0.3327
1722787200000,0.3477,0.3542,0.275,0.3195
1722700800000,0.3598,0.3678,0.3461,0.3476
1722614400000,0.368,0.373,0.3542,0.3598
1722528000000,0.3781,0.3951,0.3579,0.3681
1722441600000,0.4022,0.4054,0.3773,0.3782
1722355200000,0.4023,0.4077,0.3941,0.4022
1722268800000,0.4096,0.4139,0.3983,0.4022
1722182400000,0.4079,0.4271,0.4045,0.4096
1722096000000,0.4226,0.4292,0.4068,0.4078
1722009600000,0.4147,0.4269,0.4132,0.4227
1721923200000,0.3931,0.4175,0.3817,0.4148
1721836800000,0.4122,0.4155,0.3874,0.393
1721750400000,0.4158,0.4215,0.4028,0.4121
1721664000000,0.4299,0.4336,0.4149,0.4158
1721577600000,0.4302,0.4503,0.4165,0.4298
1721491200000,0.4341,0.44,0.426,0.4302
1721404800000,0.4314,0.4428,0.4272,0.4342
1721318400000,0.4259,0.4322,0.4146,0.4314
1721232000000,0.4466,0.4496,0.4249,0.4258
1721145600000,0.4473,0.4565,0.4343,0.4469
1721059200000,0.4351,0.4526,0.4265,0.4472
1720972800000,0.4303,0.4435,0.4291,0.4353
1720886400000,0.4339,0.4466,0.4248,0.4304
1720800000000,0.4091,0.4377,0.4082,0.4339
1720713600000,0.3936,0.411,0.3903,0.4089
1720627200000,0.385,0.4049,0.3827,0.3933
1720540800000,0.3742,0.3866,0.3718,0.3851
1720454400000,0.3611,0.3779,0.3585,0.3742
1720368000000,0.3563,0.3802,0.3302,0.3608
1720281600000,0.36,0.3734,0.3518,0.3561
1720195200000,0.3534,0.362,0.3464,0.3598
1720108800000,0.3864,0.3864,0.3162,0.3534
1720022400000,0.4066,0.4138,0.3736,0.3863
1719936000000,0.4133,0.4235,0.4021,0.4065
1719849600000,0.4035,0.419,0.402,0.4131
1719763200000,0.3867,0.4038,0.3842,0.4035
1719676800000,0.3907,0.3908,0.3785,0.3867
1719590400000,0.3921,0.4039,0.3852,0.3907
1719504000000,0.3864,0.396,0.3847,0.3921
1719417600000,0.3883,0.3941,0.3774,0.3864
1719331200000,0.3947,0.3973,0.3868,0.3882
1719244800000,0.3709,0.3959,0.3642,0.3947
1719158400000,0.3868,0.3882,0.3609,0.371
1719072000000,0.3863,0.3932,0.3832,0.3867
1718985600000,0.3803,0.3909,0.3714,0.3859
1718899200000,0.3815,0.3908,0.3757,0.3803
1718812800000,0.3833,0.3975,0.381,0.3815
1718726400000,0.3748,0.3979,0.3673,0.3834
1718640000000,0.4004,0.4209,0.3553,0.3747
1718553600000,0.4166,0.4193,0.3991,0.4004
1718467200000,0.412,0.4178,0.409,0.4167
1718380800000,0.4138,0.4158,0.3977,0.4119
1718294400000,0.4207,0.4263,0.4123,0.4136
1718208000000,0.4407,0.4443,0.4198,0.4209
1718121600000,0.4189,0.4434,0.4128,0.4404
1718035200000,0.4474,0.4479,0.4133,0.4191
1717948800000,0.4396,0.4513,0.4348,0.4472
1717862400000,0.4359,0.4435,0.4318,0.4395
1717776000000,0.4789,0.4802,0.4228,0.4359
1717689600000,0.4602,0.4902,0.4507,0.479
1717603200000,0.4616,0.4636,0.4573,0.4602
1717516800000,0.461,0.4655,0.4572,0.4617
1717430400000,0.4533,0.4634,0.4493,0.4609
1717344000000,0.451,0.457,0.4404,0.453
1717257600000,0.4487,0.4542,0.448,0.4508
1717171200000,0.4464,0.4507,0.4436,0.4487
1717084800000,0.4505,0.4559,0.4445,0.4465
1716998400000,0.4557,0.457,0.4433,0.4503
1716912000000,0.4578,0.4646,0.452,0.4557
1716825600000,0.4722,0.475,0.4523,0.4579
1716739200000,0.4597,0.4727,0.455,0.4724
1716652800000,0.4596,0.463,0.457,0.4595
1716566400000,0.4592,0.4648,0.4548,0.4596
1716480000000,0.468,0.4696,0.4434,0.459
1716393600000,0.4839,0.4885,0.4572,0.4681
1716307200000,0.4976,0.5052,0.4745,0.484
1716220800000,0.4686,0.5108,0.4675,0.4976
1716134400000,0.4708,0.4784,0.4605,0.4685
1716048000000,0.4811,0.4843,0.4685,0.4708
1715961600000,0.4832,0.486,0.4755,0.481
1715875200000,0.4555,0.4907,0.4528,0.4829
1715788800000,0.4457,0.4627,0.4452,0.4554
1715702400000,0.4359,0.448,0.4257,0.4456
1715616000000,0.4451,0.4494,0.4279,0.4356
1715529600000,0.4417,0.4531,0.425,0.445
1715443200000,0.4433,0.4442,0.4368,0.4416
1715356800000,0.4495,0.4511,0.4406,0.4432
1715270400000,0.4557,0.4687,0.4465,0.4497
1715184000000,0.4614,0.469,0.447,0.456
1715097600000,0.4521,0.469,0.4363,0.4617
1715011200000,0.4607,0.4641,0.4454,0.4522
1714924800000,0.4639,0.4758,0.4514,0.4607
1714838400000,0.4679,0.471,0.4521,0.4638
1714752000000,0.4671,0.476,0.4632,0.4679
1714665600000,0.4576,0.4677,0.4462,0.4668
1714579200000,0.4349,0.4625,0.4291,0.4574
1714492800000,0.436,0.4447,0.4185,0.4351
1714406400000,0.4573,0.4634,0.4254,0.4359
1714320000000,0.4673,0.4725,0.4465,0.4571
1714233600000,0.4572,0.4782,0.4559,0.4672
1714147200000,0.4661,0.469,0.4437,0.4569
1714060800000,0.4736,0.4788,0.4615,0.4661
1713974400000,0.4768,0.4821,0.4623,0.4735
1713888000000,0.5053,0.5108,0.4756,0.4776
1713801600000,0.5156,0.5225,0.503,0.5049
1713715200000,0.4983,0.5185,0.4875,0.5157
1713628800000,0.4912,0.5128,0.4879,0.4981
1713542400000,0.4715,0.4992,0.4613,0.4911
1713456000000,0.4544,0.4758,0.4228,0.4711
1713369600000,0.4327,0.4609,0.4274,0.4544
1713283200000,0.4425,0.4651,0.4303,0.4326
1713196800000,0.4678,0.478,0.4388,0.4426
1713110400000,0.4544,0.4953,0.4384,0.4677
1713024000000,0.5026,0.5039,0.3976,0.4541
