1764777600000,0.4343,0.4559,0.4317,0.4506
1764691200000,0.4284,0.4472,0.4261,0.4342
1764604800000,0.3763,0.4312,0.3715,0.4285
1764518400000,0.423,0.4275,0.3708,0.3763
1764432000000,0.4201,0.4265,0.4115,0.4229
1764345600000,0.4327,0.4328,0.4135,0.4201
1764259200000,0.4333,0.439,0.4217,0.4326
1764172800000,0.4129,0.4389,0.4127,0.4333
1764086400000,0.4111,0.4286,0.4105,0.4128
1764000000000,0.413,0.4342,0.4048,0.411
1763913600000,0.4169,0.4219,0.402,0.4129
1763827200000,0.3982,0.4185,0.3979,0.4169
1763740800000,0.4012,0.4177,0.3908,0.3982
1763654400000,0.4555,0.4565,0.3877,0.4011
1763568000000,0.4565,0.4723,0.4382,0.4557
1763481600000,0.474,0.4822,0.4532,0.4566
1763395200000,0.4756,0.4842,0.4561,0.4741
1763308800000,0.484,0.4996,0.4729,0.4757
1763222400000,0.5069,0.5115,0.4827,0.4839
1763136000000,0.5144,0.5207,0.49,0.507
1763049600000,0.5539,0.5547,0.4999,0.5141
1762963200000,0.5581,0.5716,0.5393,0.5541
1762876800000,0.5722,0.5808,0.5527,0.5581
1762790400000,0.585,0.6072,0.5707,0.5723
1762704000000,0.5752,0.6029,0.5695,0.5849
1762617600000,0.5575,0.5789,0.5477,0.5756
1762531200000,0.5443,0.593,0.5421,0.5572
1762444800000,0.5238,0.5499,0.517,0.5444
1762358400000,0.5488,0.5505,0.5215,0.5237
1762272000000,0.5426,0.5489,0.4895,0.5487
1762185600000,0.5504,0.5693,0.5304,0.5427
1762099200000,0.5994,0.6123,0.5257,0.5503
1762012800000,0.6125,0.6189,0.597,0.5995
1761926400000,0.6125,0.6175,0.5979,0.6123
1761840000000,0.6032,0.6199,0.5862,0.6124
1761753600000,0.6391,0.6603,0.6012,0.6032
1761667200000,0.6641,0.6715,0.6356,0.6391
1761580800000,0.6744,0.685,0.652,0.6643
1761494400000,0.6779,0.6937,0.6659,0.6741
1761408000000,0.6529,0.6805,0.6467,0.6778
1761321600000,0.6452,0.6595,0.6425,0.6526
1761235200000,0.6427,0.6646,0.6366,0.645
1761148800000,0.6356,0.646,0.6062,0.6426
1761062400000,0.6804,0.6841,0.6228,0.6355
1760976000000,0.6643,0.6855,0.6368,0.6805
1760889600000,0.6604,0.6758,0.6392,0.6643
1760803200000,0.6322,0.6616,0.6224,0.6602
1760716800000,0.6258,0.6409,0.6206,0.6321
1760630400000,0.6519,0.6646,0.5923,0.6258
1760544000000,0.6728,0.6847,0.6487,0.652
1760457600000,0.6961,0.716,0.6689,0.6728
1760371200000,0.716,0.7362,0.6621,0.696
1760284800000,0.6804,0.73,0.6784,0.7159
1760198400000,0.6548,0.6839,0.6094,0.6801
1760112000000,0.7832,0.7899,0.2742,0.6547
1760025600000,0.8041,0.8242,0.7769,0.7832
1759939200000,0.8184,0.8514,0.7979,0.804
1759852800000,0.8333,0.8408,0.808,0.8183
1759766400000,0.8733,0.8808,0.8281,0.8333
1759680000000,0.854,0.8811,0.827,0.8732
1759593600000,0.8355,0.8829,0.8345,0.8538
1759507200000,0.8735,0.8924,0.8328,0.8354
1759420800000,0.8539,0.8779,0.8484,0.8732
1759334400000,0.841,0.8641,0.8329,0.8539
1759248000000,0.7834,0.8426,0.7801,0.8407
1759161600000,0.8023,0.8148,0.7781,0.7834
1759075200000,0.7815,0.816,0.7815,0.8022
1758988800000,0.7855,0.788,0.7647,0.7815
1758902400000,0.7749,0.7963,0.7743,0.7855
1758816000000,0.7912,0.7924,0.7541,0.7749
1758729600000,0.8209,0.827,0.7676,0.7908
1758643200000,0.8224,0.8302,0.79,0.8208
1758556800000,0.8204,0.8294,0.803,0.8221
1758470400000,0.8857,0.8895,0.7811,0.8203
1758384000000,0.9004,0.9033,0.8768,0.8856
1758297600000,0.8971,0.9066,0.8855,0.9003
1758211200000,0.9271,0.9386,0.8913,0.8971
1758124800000,0.8682,0.9284,0.8612,0.927
1758038400000,0.8706,0.8872,0.8631,0.8683
1757952000000,0.8595,0.8755,0.8529,0.8705
1757865600000,0.8865,0.9024,0.8523,0.8596
1757779200000,0.9378,0.9428,0.8788,0.8866
1757692800000,0.8934,0.9542,0.8916,0.9377
1757606400000,0.8767,0.9098,0.8762,0.8935
1757520000000,0.888,0.8983,0.8654,0.8765
1757433600000,0.8576,0.8967,0.8567,0.8879
1757347200000,0.8653,0.8948,0.8525,0.8575
1757260800000,0.8342,0.8684,0.8231,0.8654
1757174400000,0.8222,0.8385,0.8141,0.834
1757088000000,0.825,0.839,0.8188,0.8223
1757001600000,0.8082,0.85,0.8028,0.8249
1756915200000,0.8406,0.8438,0.8049,0.8082
1756828800000,0.81,0.8424,0.8076,0.8406
1756742400000,0.81,0.8282,0.7814,0.8098
1756656000000,0.827,0.8454,0.794,0.8101
1756569600000,0.8236,0.8379,0.8152,0.827
1756483200000,0.8254,0.8445,0.8054,0.8236
1756396800000,0.859,0.8662,0.8152,0.8258
1756310400000,0.8725,0.8799,0.8441,0.8587
1756224000000,0.8492,0.8785,0.848,0.8724
1756137600000,0.8654,0.8797,0.8268,0.8491
1756051200000,0.8991,0.964,0.8548,0.8653
1755964800000,0.915,0.9218,0.8882,0.8992
1755878400000,0.9048,0.9414,0.8911,0.915
1755792000000,0.8589,0.9172,0.8217,0.9047
1755705600000,0.8713,0.8926,0.8573,0.8588
1755619200000,0.871,0.8848,0.8365,0.8714
1755532800000,0.9176,0.954,0.8636,0.8712
1755446400000,0.9756,0.9764,0.8912,0.9176
1755360000000,0.9102,0.9879,0.9032,0.9754
1755273600000,0.9241,0.9776,0.9011,0.9101
1755187200000,0.9251,0.9643,0.878,0.9242
1755100800000,0.8727,1.019,0.8666,0.925
1755014400000,0.8143,0.8896,0.8128,0.8727
1754928000000,0.7962,0.8154,0.7656,0.8143
1754841600000,0.8009,0.8339,0.7827,0.7965
1754755200000,0.8052,0.8343,0.7842,0.8011
1754668800000,0.7817,0.8206,0.7798,0.8053
1754582400000,0.763,0.8069,0.7422,0.7817
1754496000000,0.7422,0.7741,0.7341,0.763
1754409600000,0.7229,0.7428,0.7108,0.7419
1754323200000,0.7448,0.7602,0.7194,0.7229
1754236800000,0.726,0.7547,0.7221,0.7448
1754150400000,0.6993,0.7294,0.6843,0.726
1754064000000,0.7331,0.738,0.6961,0.6992
1753977600000,0.762,0.7759,0.7087,0.7335
1753891200000,0.7738,0.7899,0.7301,0.762
1753804800000,0.7813,0.7897,0.7521,0.7734
1753718400000,0.8057,0.8098,0.775,0.7816
1753632000000,0.8221,0.8561,0.8016,0.8058
1753545600000,0.8328,0.8397,0.8143,0.8218
1753459200000,0.7842,0.8346,0.7794,0.8328
1753372800000,0.8232,0.828,0.7747,0.7841
1753286400000,0.834,0.8381,0.7615,0.823
1753200000000,0.8803,0.9042,0.8082,0.834
1753113600000,0.9117,0.9131,0.8522,0.8804
1753027200000,0.8708,0.9342,0.8369,0.9117
1752940800000,0.8219,0.8735,0.8167,0.8708
1752854400000,0.8223,0.8373,0.796,0.8216
1752768000000,0.8027,0.8955,0.7854,0.8221
1752681600000,0.7505,0.8253,0.7401,0.8027
1752595200000,0.7243,0.7609,0.719,0.7505
1752508800000,0.7343,0.7456,0.7104,0.7243
1752422400000,0.742,0.7686,0.7267,0.7342
1752336000000,0.6935,0.7564,0.6899,0.7418
1752249600000,0.7378,0.7463,0.6885,0.6933
1752163200000,0.6291,0.7777,0.6276,0.7375
1752076800000,0.611,0.6409,0.6059,0.629
1751990400000,0.5815,0.621,0.5796,0.611
1751904000000,0.5837,0.5884,0.572,0.581
1751817600000,0.5856,0.5946,0.5784,0.5835
1751731200000,0.5757,0.5906,0.5697,0.5855
1751644800000,0.5712,0.5834,0.563,0.5758
1751558400000,0.5877,0.6034,0.5701,0.5713
1751472000000,0.5779,0.6116,0.5778,0.5877
1751385600000,0.547,0.5788,0.5367,0.5778
1751299200000,0.5673,0.5905,0.5433,0.547
1751212800000,0.5559,0.5857,0.555,0.5673
1751126400000,0.5643,0.5687,0.5554,0.5562
1751040000000,0.5557,0.5648,0.545,0.5642
1750953600000,0.5547,0.5641,0.5471,0.5556
1750867200000,0.5674,0.5817,0.5499,0.5547
1750780800000,0.5838,0.5927,0.5661,0.5674
1750694400000,0.5425,0.5935,0.5287,0.5837
1750608000000,0.5231,0.5571,0.51,0.5425
1750521600000,0.5757,0.5786,0.5203,0.5233
1750435200000,0.5833,0.5882,0.5613,0.5757
1750348800000,0.5911,0.607,0.5812,0.5834
1750262400000,0.5948,0.6116,0.588,0.5911
1750176000000,0.612,0.6221,0.5897,0.5949
1750089600000,0.6492,0.6576,0.6068,0.6118
1750003200000,0.6306,0.654,0.6207,0.6491
1749916800000,0.6284,0.6359,0.6132,0.6305
1749830400000,0.6382,0.6449,0.6262,0.6285
1749744000000,0.6772,0.6882,0.6174,0.6381
1749657600000,0.7255,0.7263,0.6755,0.6772
1749571200000,0.6959,0.7314,0.6953,0.7256
1749484800000,0.674,0.7157,0.6739,0.6955
1749398400000,0.67,0.6791,0.6564,0.674
1749312000000,0.6663,0.6795,0.6518,0.6699
1749225600000,0.6666,0.6722,0.6496,0.6663
1749139200000,0.6742,0.6743,0.6187,0.6666
1749052800000,0.6884,0.6899,0.6621,0.6741
1748966400000,0.6934,0.7025,0.6739,0.6883
1748880000000,0.6744,0.7071,0.6695,0.6933
1748793600000,0.6749,0.6899,0.6637,0.6742
1748707200000,0.6797,0.695,0.654,0.6749
1748620800000,0.7021,0.7153,0.6552,0.6798
1748534400000,0.7377,0.7405,0.6833,0.7016
1748448000000,0.7415,0.7653,0.7304,0.7378
1748361600000,0.7679,0.775,0.7403,0.7413
1748275200000,0.7687,0.7756,0.7434,0.7676
1748188800000,0.7401,0.777,0.7347,0.7683
1748102400000,0.7586,0.762,0.7278,0.7401
1748016000000,0.7773,0.7852,0.7427,0.7584
1747929600000,0.8031,0.8422,0.76,0.7776
1747843200000,0.7657,0.811,0.7425,0.803
1747756800000,0.7322,0.7685,0.7247,0.7649
1747670400000,0.7364,0.7537,0.7226,0.7322
1747584000000,0.7742,0.7761,0.7101,0.7363
1747497600000,0.7505,0.777,0.7267,0.7738
1747411200000,0.779,0.7828,0.7346,0.7505
1747324800000,0.7756,0.7924,0.7488,0.7788
1747238400000,0.8073,0.8103,0.7446,0.7757
1747152000000,0.8061,0.8421,0.7971,0.8075
1747065600000,0.8217,0.8343,0.7716,0.806
1746979200000,0.79,0.8649,0.7812,0.822
1746892800000,0.8015,0.8467,0.7839,0.7902
1746806400000,0.7815,0.8138,0.7703,0.8015
1746720000000,0.7315,0.8182,0.7283,0.7814
1746633600000,0.6653,0.744,0.6551,0.7315
1746547200000,0.6521,0.6892,0.6457,0.6652
1746460800000,0.6581,0.6727,0.6426,0.6517
1746374400000,0.6902,0.6939,0.6541,0.658
1746288000000,0.7216,0.725,0.6821,0.6904
1746201600000,0.706,0.7299,0.6886,0.7215
1746115200000,0.7015,0.7262,0.6998,0.7058
1746028800000,0.6766,0.71,0.6741,0.7014
1745942400000,0.7085,0.718,0.6646,0.6767
1745856000000,0.69,0.7181,0.6846,0.7086
1745769600000,0.6961,0.7291,0.682,0.6901
1745683200000,0.7099,0.7179,0.6912,0.6957
1745596800000,0.7196,0.7347,0.6995,0.7099
1745510400000,0.7263,0.746,0.702,0.7194
1745424000000,0.6988,0.745,0.67,0.7262
1745337600000,0.6565,0.7186,0.6522,0.699
1745251200000,0.6359,0.667,0.6155,0.6562
1745164800000,0.6116,0.651,0.6098,0.6358
1745078400000,0.6224,0.6348,0.6105,0.6115
1744992000000,0.6163,0.6351,0.6156,0.6225
1744905600000,0.6198,0.6297,0.6103,0.6162
1744819200000,0.6101,0.6247,0.5946,0.6196
1744732800000,0.6235,0.6261,0.6,0.6099
1744646400000,0.6332,0.6486,0.6185,0.6232
1744560000000,0.6441,0.662,0.63,0.6334
1744473600000,0.66,0.6687,0.6371,0.6442
1744387200000,0.6216,0.6674,0.617,0.6599
1744300800000,0.5901,0.645,0.5859,0.6215
1744214400000,0.5701,0.6462,0.569,0.59
1744128000000,0.5925,0.5941,0.5367,0.57
1744041600000,0.5738,0.6201,0.5598,0.5926
1743955200000,0.6273,0.6285,0.511,0.5739
1743868800000,0.6478,0.6564,0.6186,0.6273
1743782400000,0.6572,0.6698,0.6448,0.6476
1743696000000,0.6285,0.672,0.6255,0.657
1743609600000,0.6925,0.7101,0.613,0.6283
1743523200000,0.6919,0.6989,0.6633,0.6921
1743436800000,0.6568,0.6945,0.6503,0.6917
1743350400000,0.6697,0.6752,0.6295,0.6566
1743264000000,0.6713,0.6874,0.6588,0.6697
1743177600000,0.699,0.7121,0.6606,0.6714
1743091200000,0.7336,0.7465,0.6943,0.699
1743004800000,0.7404,0.7443,0.7197,0.7334
1742918400000,0.7567,0.7745,0.7365,0.7403
1742832000000,0.7328,0.7664,0.7197,0.757
1742745600000,0.709,0.7421,0.6916,0.7328
1742659200000,0.7034,0.7161,0.6971,0.709
1742572800000,0.7037,0.7179,0.6998,0.7034
1742486400000,0.7257,0.7311,0.7009,0.7036
1742400000000,0.7407,0.7554,0.7187,0.7261
1742313600000,0.6871,0.7459,0.6819,0.7406
1742227200000,0.7243,0.7302,0.6817,0.6869
1742140800000,0.7045,0.7299,0.6937,0.7242
1742054400000,0.7496,0.7599,0.6969,0.7048
1741968000000,0.74,0.7576,0.7283,0.7492
1741881600000,0.7066,0.7513,0.6908,0.7398
1741795200000,0.7298,0.7422,0.7027,0.7065
1741708800000,0.7265,0.7689,0.7076,0.7298
1741622400000,0.7009,0.7385,0.6467,0.7259
1741536000000,0.7562,0.7784,0.6853,0.701
1741449600000,0.8167,0.8234,0.7502,0.7563
1741363200000,0.8581,0.8666,0.7931,0.8166
1741276800000,0.9327,0.9368,0.8168,0.8579
1741190400000,0.9412,0.999,0.901,0.9326
1741104000000,0.8538,1.0282,0.8228,0.9416
1741017600000,0.9581,0.9881,0.7575,0.8542
1740931200000,0.866,1.1752,0.8655,0.9577
1740844800000,0.6351,0.8999,0.6306,0.8661
1740758400000,0.6312,0.6549,0.6246,0.6351
1740672000000,0.6662,0.6688,0.5803,0.6307
1740585600000,0.6773,0.6797,0.6312,0.6662
1740499200000,0.6542,0.6956,0.6427,0.6773
1740412800000,0.7186,0.7348,0.6302,0.6541
1740326400000,0.7615,0.7775,0.7077,0.7184
1740240000000,0.7735,0.7883,0.7593,0.7616
1740153600000,0.8004,0.812,0.7501,0.7737
1740067200000,0.7842,0.8187,0.7793,0.8002
1739980800000,0.7593,0.7999,0.752,0.784
1739894400000,0.7554,0.7762,0.7328,0.7592
1739808000000,0.8096,0.8184,0.7473,0.7552
1739721600000,0.7704,0.829,0.7634,0.8098
1739635200000,0.7868,0.7912,0.7614,0.7704
1739548800000,0.8076,0.8291,0.7797,0.7864
1739462400000,0.7882,0.831,0.7751,0.8074
1739376000000,0.7715,0.8076,0.7591,0.7885
1739289600000,0.7961,0.8038,0.7459,0.7713
1739203200000,0.6993,0.821,0.6969,0.7962
1739116800000,0.6942,0.7177,0.6503,0.6989
1739030400000,0.689,0.7162,0.677,0.6943
1738944000000,0.7314,0.7349,0.6846,0.6892
