1764777600000,14.172,15.079,14.071,14.742
1764691200000,13.675,14.354,13.544,14.167
1764604800000,12.7,13.726,12.554,13.679
1764518400000,14.171,14.285,12.614,12.7
1764432000000,14.855,14.861,13.985,14.166
1764345600000,15.099,15.104,14.643,14.855
1764259200000,14.959,15.264,14.792,15.096
1764172800000,13.97,15.013,13.957,14.959
1764086400000,13.918,14.379,13.895,13.973
1764000000000,13.512,14.046,13.508,13.916
1763913600000,13.415,13.59,13.161,13.504
1763827200000,13.188,13.445,13.169,13.417
1763740800000,13.003,13.462,12.837,13.187
1763654400000,14.224,14.242,12.517,13.002
1763568000000,14.058,14.535,13.698,14.226
1763481600000,14.731,14.918,13.943,14.057
1763395200000,15.25,15.374,14.035,14.735
1763308800000,15.079,15.832,14.618,15.252
1763222400000,15.613,15.859,15.065,15.08
1763136000000,15.52,15.73,14.837,15.621
1763049600000,16.958,17.035,15.081,15.51
1762963200000,17.031,17.688,16.631,16.961
1762876800000,17.628,17.765,16.91,17.029
1762790400000,17.948,18.605,17.494,17.628
1762704000000,17.689,18.339,17.46,17.934
1762617600000,17.143,17.883,16.803,17.702
1762531200000,16.813,18.409,16.745,17.142
1762444800000,15.852,17.032,15.603,16.813
1762358400000,16.761,16.998,15.782,15.853
1762272000000,16.422,16.812,14.995,16.761
1762185600000,16.372,17.105,15.973,16.423
1762099200000,18.278,18.912,15.909,16.368
1762012800000,18.644,19.013,18.193,18.284
1761926400000,18.276,18.737,17.788,18.64
1761840000000,18.23,18.584,17.526,18.277
1761753600000,19.436,20.204,18.147,18.23
1761667200000,19.996,20.18,19.138,19.442
1761580800000,20.46,20.796,19.761,20.003
1761494400000,20.411,21.098,20.101,20.449
1761408000000,19.527,20.674,19.34,20.418
1761321600000,19.271,19.643,19.129,19.528
1761235200000,19.551,19.955,18.989,19.267
1761148800000,19.536,19.624,18.413,19.544
1761062400000,20.771,20.841,19.108,19.543
1760976000000,20.612,20.845,19.47,20.765
1760889600000,20.742,21.212,20.169,20.609
1760803200000,20.028,20.836,19.752,20.74
1760716800000,19.94,20.421,19.803,20.026
1760630400000,21.14,21.518,19.029,19.94
1760544000000,21.932,22.395,21,21.144
1760457600000,22.808,23.286,21.768,21.932
1760371200000,22.805,24.059,21.82,22.804
1760284800000,22.361,23.336,21.722,22.803
1760198400000,22.797,23.15,20.648,22.364
1760112000000,27.003,27.121,8.349,22.809
1760025600000,27.96,28.622,26.615,26.999
1759939200000,28.296,29.632,27.839,27.966
1759852800000,28.534,28.767,27.818,28.29
1759766400000,30.834,31.019,28.44,28.534
1759680000000,30.25,30.981,29.642,30.834
1759593600000,29.946,31.21,29.819,30.248
1759507200000,31.247,31.575,29.86,29.94
1759420800000,30.017,31.277,29.94,31.247
1759334400000,30.588,31.387,29.472,30.016
1759248000000,29.07,31.097,28.819,30.582
1759161600000,30.468,30.827,28.834,29.077
1759075200000,28.826,30.539,28.812,30.462
1758988800000,28.691,28.972,27.926,28.818
1758902400000,27.887,29.593,27.819,28.683
1758816000000,30.25,30.273,27.062,27.889
1758729600000,34.49,34.844,30.05,30.253
1758643200000,35.144,35.258,32.925,34.491
1758556800000,31.956,36.158,31.329,35.132
1758470400000,33.057,33.306,29.252,31.962
1758384000000,33.609,33.765,32.591,33.062
1758297600000,33.942,34.384,32.861,33.607
1758211200000,33.137,35.799,33.097,33.943
1758124800000,29.51,33.49,29.392,33.147
1758038400000,30.132,30.443,29.391,29.514
1757952000000,28.496,31,28.301,30.117
1757865600000,29.119,30.395,28.23,28.491
1757779200000,29.84,30.637,28.971,29.124
1757692800000,28.553,31.246,28.41,29.832
1757606400000,28.945,29.42,28.231,28.551
1757520000000,28.665,29.995,28.3,28.939
1757433600000,25.931,28.976,25.754,28.663
1757347200000,25.721,26.363,24.902,25.926
1757260800000,24.611,25.797,24.26,25.728
1757174400000,24.221,24.726,24.182,24.617
1757088000000,24.318,24.569,24.088,24.223
1757001600000,24.725,25.106,23.865,24.312
1756915200000,25.45,25.599,24.54,24.728
1756828800000,23.616,25.78,23.591,25.45
1756742400000,23.66,24.284,22.671,23.606
1756656000000,24.05,24.336,22.856,23.659
1756569600000,23.924,24.2,23.574,24.055
1756483200000,23.518,23.926,23.1,23.921
1756396800000,24.59,25.198,23.392,23.52
1756310400000,24.985,25.208,24.25,24.586
1756224000000,23.705,25.332,23.637,24.985
1756137600000,24.193,24.349,23.039,23.69
1756051200000,25.522,26.565,23.981,24.186
1755964800000,25.644,26.3,24.932,25.515
1755878400000,24.261,26.762,24.261,25.64
1755792000000,22.939,24.508,22.193,24.26
1755705600000,23.103,23.623,22.91,22.929
1755619200000,22.784,23.349,22.235,23.1
1755532800000,23.776,24.136,22.675,22.781
1755446400000,25.423,25.677,23.346,23.785
1755360000000,24.2,25.45,23.904,25.42
1755273600000,23.7,24.26,23.462,24.194
1755187200000,23.875,25.659,23.184,23.7
1755100800000,25.004,25.995,23.263,23.884
1755014400000,24.205,25.44,24.14,24.999
1754928000000,23.746,24.238,22.654,24.212
1754841600000,23.952,24.617,23.081,23.749
1754755200000,24.166,24.804,23.261,23.95
1754668800000,23.18,24.799,23.16,24.16
1754582400000,22.66,23.8,22.189,23.175
1754496000000,22.334,22.899,21.95,22.658
1754409600000,21.718,22.371,21.431,22.335
1754323200000,22.353,23.13,21.633,21.715
1754236800000,21.42,22.6,21.272,22.35
1754150400000,21.22,21.483,20.576,21.422
1754064000000,22.082,22.257,21.029,21.219
1753977600000,23.099,23.527,21.588,22.098
1753891200000,23.235,24.11,22.389,23.099
1753804800000,24.308,24.564,23.13,23.23
1753718400000,26.057,26.192,24.203,24.307
1753632000000,25.03,27.391,25.029,26.065
1753545600000,24.824,25.762,24.526,25.028
1753459200000,23.204,24.934,23.088,24.819
1753372800000,24.19,24.313,22.866,23.2
1753286400000,24.362,24.441,22.539,24.18
1753200000000,24.975,26.104,23.586,24.35
1753113600000,25.901,26.084,24.762,24.96
1753027200000,25.41,26.469,24.517,25.905
1752940800000,23.641,25.442,23.538,25.41
1752854400000,23.755,24.125,23.005,23.635
1752768000000,22.719,25.028,22.186,23.76
1752681600000,22.096,23.24,22.02,22.72
1752595200000,21.179,22.569,21.158,22.097
1752508800000,21.444,21.652,20.384,21.169
1752422400000,21.284,22.071,20.974,21.459
1752336000000,20.318,21.643,20.247,21.282
1752249600000,20.949,21.407,20.173,20.328
1752163200000,19.464,21.525,19.419,20.939
1752076800000,18.531,19.719,18.488,19.46
1751990400000,18.012,18.724,17.913,18.534
1751904000000,18.036,18.263,17.69,18.012
1751817600000,18.162,18.619,17.962,18.036
1751731200000,17.833,18.311,17.621,18.16
1751644800000,17.71,17.944,17.505,17.834
1751558400000,18.369,18.882,17.692,17.706
1751472000000,18.018,19.173,18.018,18.364
1751385600000,17.264,18.022,16.951,18.016
1751299200000,18.024,18.265,17.2,17.261
1751212800000,17.848,18.895,17.701,18.028
1751126400000,17.768,18.172,17.768,17.837
1751040000000,17.547,17.789,17.131,17.766
1750953600000,17.251,17.635,17.019,17.545
1750867200000,17.598,18.014,17.093,17.25
1750780800000,18.168,18.428,17.554,17.591
1750694400000,16.755,18.489,16.262,18.164
1750608000000,16.035,17.275,15.613,16.756
1750521600000,17.136,17.192,15.953,16.036
1750435200000,17.82,17.823,16.94,17.144
1750348800000,17.741,18.421,17.635,17.816
1750262400000,18.344,18.644,17.658,17.743
1750176000000,18.668,18.934,18.066,18.352
1750089600000,19.725,19.998,18.524,18.667
1750003200000,19.072,19.926,18.726,19.72
1749916800000,18.961,19.278,18.71,19.072
1749830400000,19.302,19.545,18.857,18.964
1749744000000,20.868,21.252,18.469,19.3
1749657600000,22.572,22.611,20.745,20.868
1749571200000,21.928,22.776,21.764,22.569
1749484800000,21.028,22.477,21.024,21.912
1749398400000,20.68,21.489,20.217,21.026
1749312000000,20.9,20.985,20.134,20.68
1749225600000,19.707,21.131,19.357,20.9
1749139200000,19.996,20.02,18.436,19.708
1749052800000,21.1,21.1,19.79,19.994
1748966400000,21.372,21.647,20.731,21.096
1748880000000,20.567,21.7,20.411,21.368
1748793600000,20.708,20.995,20.218,20.571
1748707200000,20.668,21.126,20.165,20.705
1748620800000,21.483,21.578,19.778,20.667
1748534400000,22.786,23.035,21.122,21.48
1748448000000,22.87,24.35,22.679,22.783
1748361600000,23.449,23.85,22.842,22.869
1748275200000,23.49,23.878,22.5,23.446
1748188800000,22.26,24.007,22.09,23.489
1748102400000,23.142,23.193,22.026,22.261
1748016000000,24.479,24.642,22.873,23.14
1747929600000,25.04,25.977,23.568,24.48
1747843200000,23.225,25.432,22.4,25.04
1747756800000,22.154,23.299,21.765,23.225
1747670400000,22.095,22.829,21.858,22.16
1747584000000,23.773,23.822,21.25,22.09
1747497600000,22.456,23.872,21.971,23.764
1747411200000,23.742,23.881,22.257,22.451
1747324800000,23.793,24.201,22.947,23.739
1747238400000,25.41,25.473,23.024,23.795
1747152000000,24.91,26.542,24.863,25.412
1747065600000,24.726,25.183,23.455,24.905
1746979200000,24.39,26.849,24.15,24.735
1746892800000,24.377,26.021,24.189,24.38
1746806400000,23.145,24.808,22.793,24.373
1746720000000,21.199,24.008,21.163,23.14
1746633600000,19.312,21.486,19.082,21.201
1746547200000,19.664,20.274,19.263,19.318
1746460800000,19.367,19.883,19.27,19.66
1746374400000,19.996,20.238,19.295,19.365
1746288000000,20.867,20.884,19.774,19.999
1746201600000,21.43,21.672,20.625,20.863
1746115200000,21.362,22.187,21.135,21.424
1746028800000,20.929,21.596,20.694,21.35
1745942400000,22.007,22.239,20.349,20.925
1745856000000,21.445,22.297,21.28,22.005
1745769600000,21.893,22.439,21.015,21.45
1745683200000,22.028,22.8,21.793,21.891
1745596800000,22.58,22.994,21.706,22.035
1745510400000,22.338,22.865,21.78,22.57
1745424000000,22.277,22.642,21.611,22.341
1745337600000,21.635,23.075,21.342,22.272
1745251200000,20.541,22.011,19.436,21.625
1745164800000,19.386,20.953,19.316,20.543
1745078400000,19.703,20.365,19.231,19.38
1744992000000,18.906,19.825,18.881,19.7
1744905600000,19.128,19.542,18.852,18.905
1744819200000,19.04,19.569,18.497,19.13
1744732800000,19.538,19.636,18.576,19.035
1744646400000,19.835,20.528,19.463,19.533
1744560000000,19.75,20.685,19.273,19.84
1744473600000,20.509,20.836,19.506,19.751
1744387200000,19.2,21.03,18.84,20.506
1744300800000,17.674,19.554,17.585,19.191
1744214400000,16.82,18.91,16.744,17.672
1744128000000,17.142,17.19,15.591,16.819
1744041600000,16.426,17.733,16.138,17.139
1743955200000,17.3,17.316,14.665,16.435
1743868800000,17.841,17.995,16.837,17.305
1743782400000,17.999,18.376,17.722,17.846
1743696000000,17.964,18.773,17.614,17.996
1743609600000,19.625,19.921,17.578,17.965
1743523200000,19.845,19.945,18.803,19.623
1743436800000,18.975,19.943,18.605,19.839
1743350400000,19.297,19.403,18.183,18.965
1743264000000,20.004,20.061,19.049,19.288
1743177600000,19.976,20.601,19.655,20
1743091200000,21.927,22.243,19.963,19.976
1743004800000,22.168,22.476,21.63,21.921
1742918400000,22.491,23.451,21.963,22.17
1742832000000,21.536,22.812,21.236,22.485
1742745600000,19.487,22.136,19.312,21.536
1742659200000,19.54,19.779,19.336,19.498
1742572800000,18.483,19.643,18.397,19.55
1742486400000,18.761,19.12,18.353,18.489
1742400000000,19.862,20.105,18.74,18.771
1742313600000,18.441,19.957,18.323,19.858
1742227200000,18.459,19.276,18.369,18.452
1742140800000,18.487,19.071,18.112,18.456
1742054400000,18.557,19.849,18.168,18.488
1741968000000,19.004,19.31,18.372,18.548
1741881600000,18.394,19.292,17.735,19.006
1741795200000,17.983,19.328,17.958,18.385
1741708800000,17.35,18.85,16.947,17.982
1741622400000,17.79,17.873,15.272,17.361
1741536000000,19.17,19.36,17.41,17.788
1741449600000,20.48,20.977,19.087,19.184
1741363200000,20.713,21.213,19.411,20.475
1741276800000,21.971,22.114,19.677,20.716
1741190400000,20.4,22.576,20.076,21.961
1741104000000,19.935,21.368,18.849,20.406
1741017600000,23.251,23.414,19.351,19.908
1740931200000,22.52,25.115,22.52,23.25
1740844800000,21.298,23.061,21.248,22.517
1740758400000,21.742,22.515,21.053,21.306
1740672000000,22.787,22.942,20.232,21.726
1740585600000,22.261,23.397,20.997,22.78
1740499200000,20.986,22.623,20.779,22.259
1740412800000,23.14,23.517,20.31,20.984
1740326400000,24.544,25.181,22.88,23.14
1740240000000,25.83,26.385,24.538,24.544
1740153600000,25.471,25.855,23.768,25.827
1740067200000,24.261,26.541,24.207,25.456
1739980800000,23.506,24.996,23.355,24.255
1739894400000,23.439,24.016,22.931,23.49
1739808000000,25.134,25.458,23.295,23.44
1739721600000,25.144,25.953,24.523,25.15
1739635200000,25.692,25.856,24.893,25.141
1739548800000,26.582,27.227,25.486,25.679
1739462400000,25.487,26.728,25.089,26.567
1739376000000,25.029,27.095,24.693,25.487
1739289600000,26.15,26.191,24.29,25.023
1739203200000,25.425,27.019,25.31,26.119
1739116800000,25.106,25.992,23.651,25.43
1739030400000,24.227,25.523,24.074,25.109
1738944000000,25.437,25.524,23.709,24.224
