1790611200000,10.334,12.005,10.267,11.214
1790524800000,11.022,11.096,10.149,10.336
1790438400000,10.984,11.285,10.549,11.019
1790352000000,10.358,11.132,10.298,10.982
1790265600000,10.393,10.744,10.078,10.352
1790179200000,10.228,10.509,9.978,10.39
1790092800000,11.106,11.4,10.125,10.229
1790006400000,11.078,11.386,10.528,11.107
1789920000000,11.41,11.8,10.902,11.082
1789833600000,9.444,11.43,9.406,11.412
1789747200000,8.113,9.489,8.046,9.445
1789660800000,7.606,8.171,7.546,8.11
1789574400000,7.232,7.654,7.174,7.605
1789488000000,7.426,7.54,7.18,7.228
1789401600000,7.462,7.809,7.332,7.437
1789315200000,7.361,7.546,7.258,7.46
1789228800000,7.432,7.464,7.282,7.36
1789142400000,7.574,7.638,7.394,7.43
1789056000000,7.598,7.838,7.236,7.577
1788969600000,7.893,7.967,7.536,7.597
1788883200000,8.053,8.069,7.813,7.892
1788796800000,8.087,8.2,7.827,8.053
1788710400000,7.629,8.126,7.612,8.093
1788624000000,7.544,7.742,7.528,7.629
1788537600000,7.365,7.59,7.328,7.544
1788451200000,7.519,7.578,7.261,7.367
1788364800000,7.143,7.52,7.103,7.511
1788278400000,7.307,7.311,7.041,7.149
1788192000000,7.202,7.364,7.176,7.307
1788105600000,7.413,7.474,7.012,7.204
1788019200000,7.333,7.438,7.25,7.41
1787932800000,7.332,7.369,7.205,7.325
1787846400000,7.52,7.595,7.288,7.325
1787760000000,7.228,7.578,7.193,7.52
1787673600000,7.507,7.539,7.151,7.228
1787587200000,7.54,7.733,7.326,7.511
1787500800000,7.556,7.676,7.395,7.539
1787414400000,7.449,7.661,7.273,7.556
1787328000000,7.627,8.327,6.992,7.45
1787241600000,7.056,7.697,7.048,7.616
1787155200000,6.561,7.137,6.501,7.056
1787068800000,6.377,6.736,6.287,6.56
1786982400000,6.329,6.459,6.236,6.374
1786896000000,6.432,6.436,6.273,6.328
1786809600000,6.562,6.564,6.219,6.433
1786723200000,6.442,6.886,6.391,6.562
1786636800000,6.411,6.489,6.348,6.441
1786550400000,6.378,6.552,6.296,6.412
1786464000000,6.216,6.552,6.19,6.377
1786377600000,6.487,6.56,6.106,6.217
1786291200000,6.552,6.592,6.379,6.486
1786204800000,6.546,6.56,6.434,6.551
1786118400000,6.439,6.597,6.36,6.546
1786032000000,6.471,6.526,6.372,6.438
1785945600000,6.645,6.702,6.351,6.471
1785859200000,6.759,6.76,6.531,6.646
1785772800000,6.515,6.987,6.514,6.748
1785686400000,6.597,6.673,6.372,6.512
1785600000000,6.374,6.69,6.037,6.598
1785513600000,6.403,6.478,6.323,6.374
1785427200000,6.453,6.547,6.328,6.404
1785340800000,6.383,6.527,6.31,6.45
1785254400000,6.575,6.636,6.308,6.383
1785168000000,6.544,6.633,6.358,6.573
1785081600000,6.695,6.756,6.48,6.547
1784995200000,6.579,6.846,6.574,6.695
1784908800000,6.203,6.603,6.175,6.58
1784822400000,6.451,6.451,6.136,6.203
1784736000000,6.64,6.664,6.396,6.45
1784649600000,6.621,6.652,6.465,6.633
1784563200000,6.613,6.689,6.547,6.623
1784476800000,6.456,6.654,6.388,6.613
1784390400000,6.544,6.637,6.405,6.457
1784304000000,6.482,6.663,6.462,6.544
1784217600000,6.628,6.638,6.375,6.483
1784131200000,6.728,6.749,6.513,6.63
1784044800000,6.657,6.773,6.6,6.728
1783958400000,6.563,6.712,6.338,6.654
1783872000000,6.44,6.682,6.373,6.562
1783785600000,6.751,6.783,6.283,6.438
1783699200000,6.745,6.793,6.687,6.75
1783612800000,6.751,6.834,6.651,6.744
1783526400000,6.383,6.812,6.38,6.751
1783440000000,6.768,6.809,6.319,6.382
1783353600000,6.92,7.088,6.647,6.768
1783267200000,6.93,7.008,6.714,6.919
1783180800000,6.988,7.113,6.753,6.925
1783094400000,6.83,7.035,6.789,6.988
1783008000000,6.778,6.922,6.714,6.829
1782921600000,6.731,6.882,6.61,6.774
1782835200000,6.5,6.747,6.428,6.731
1782748800000,6.661,6.823,6.386,6.498
1782662400000,6.326,6.71,6.271,6.655
1782576000000,6.639,6.654,6.283,6.322
1782489600000,6.376,6.673,6.321,6.641
1782403200000,6.12,6.378,5.965,6.378
1782316800000,6.233,6.638,5.951,6.12
1782230400000,6.371,6.543,6.207,6.234
1782144000000,6.307,6.463,6.012,6.37
1782057600000,6.333,6.471,6.097,6.308
1781971200000,6.153,6.375,6.071,6.329
1781884800000,6.123,6.27,5.684,6.152
1781798400000,6.243,6.387,5.97,6.122
1781712000000,6.972,7.02,6.211,6.245
1781625600000,6.789,7.023,6.767,6.968
1781539200000,7.034,7.078,6.712,6.791
1781452800000,6.529,7.036,6.372,7.034
1781366400000,6.755,6.776,6.495,6.53
1781280000000,6.553,6.763,6.518,6.757
1781193600000,6.544,6.706,6.475,6.552
1781107200000,6.581,6.64,6.301,6.54
1781020800000,6.525,6.7,6.419,6.579
1780934400000,6.81,6.881,6.519,6.527
1780848000000,6.707,6.961,6.507,6.804
1780761600000,6.692,6.889,6.567,6.703
1780675200000,6.9,7.11,6.225,6.693
1780588800000,7.764,7.848,6.85,6.911
1780502400000,8.194,8.201,7.515,7.763
1780416000000,8.369,8.509,7.996,8.194
1780329600000,8.732,8.985,8.27,8.369
1780243200000,8.885,9.073,8.676,8.732
1780156800000,8.965,9.083,8.858,8.885
1780070400000,8.927,9.048,8.773,8.962
1779984000000,8.851,9.079,8.654,8.925
1779897600000,9.242,9.254,8.716,8.85
1779811200000,9.292,9.292,9.044,9.241
1779724800000,9.434,9.497,9.169,9.292
1779638400000,9.234,9.504,9.065,9.43
1779552000000,9.136,9.593,9.111,9.237
1779465600000,9.433,9.47,8.84,9.136
1779379200000,9.379,9.606,9.306,9.433
1779292800000,9.34,9.517,9.219,9.378
1779206400000,9.101,9.362,9.06,9.338
1779120000000,9.092,9.316,9.018,9.1
1779033600000,9.297,9.343,8.941,9.09
1778947200000,9.317,9.415,9.182,9.297
1778860800000,9.483,9.614,9.19,9.32
1778774400000,10.062,10.139,9.408,9.486
1778688000000,9.639,10.077,9.634,10.061
1778601600000,9.735,10.155,9.62,9.639
1778515200000,10.237,10.271,9.67,9.735
1778428800000,10.155,10.489,9.952,10.236
1778342400000,9.836,10.165,9.813,10.154
1778256000000,9.785,10.124,9.709,9.835
1778169600000,9.417,9.786,9.402,9.783
1778083200000,9.621,9.707,9.371,9.418
1777996800000,9.41,9.781,9.34,9.621
1777910400000,9.147,9.529,9.095,9.412
1777824000000,9.113,9.382,8.995,9.152
1777737600000,9.155,9.25,8.969,9.113
1777651200000,9.199,9.22,9.063,9.154
1777564800000,9.138,9.273,9.064,9.196
1777478400000,9.118,9.227,8.916,9.139
1777392000000,9.165,9.444,9.087,9.118
1777305600000,9.133,9.282,9.103,9.164
1777219200000,9.486,9.563,9.081,9.135
1777132800000,9.343,9.526,9.287,9.485
1777046400000,9.462,9.5,9.326,9.345
1776960000000,9.395,9.47,9.159,9.461
1776873600000,9.551,9.572,9.191,9.39
1776787200000,9.39,9.678,9.172,9.553
1776700800000,9.23,9.533,9.171,9.387
1776614400000,9.281,9.326,8.966,9.229
1776528000000,9.403,9.439,9.129,9.28
1776441600000,9.81,9.95,9.33,9.405
1776355200000,9.585,10.009,9.405,9.809
1776268800000,9.368,9.623,9.249,9.584
1776182400000,9.428,9.493,9.21,9.367
1776096000000,9.209,9.712,9.151,9.429
1776009600000,8.961,9.33,8.956,9.208
1775923200000,9.333,9.609,8.931,8.963
1775836800000,9.426,9.553,9.188,9.333
1775750400000,9.339,9.699,9.244,9.424
1775664000000,9.215,9.366,8.915,9.338
1775577600000,8.586,9.623,8.559,9.22
1775491200000,9.381,9.397,8.466,8.585
1775404800000,8.877,9.664,8.815,9.383
1775318400000,8.951,9.112,8.748,8.874
1775232000000,9.017,9.146,8.84,8.952
1775145600000,8.738,9.064,8.636,9.015
1775059200000,9.219,9.308,8.619,8.737
1774972800000,8.74,9.484,8.712,9.218
1774886400000,8.948,9.073,8.697,8.739
1774800000000,8.66,9.083,8.37,8.949
1774713600000,8.934,8.945,8.618,8.659
1774627200000,8.806,8.991,8.661,8.932
1774540800000,9.183,9.204,8.663,8.807
1774454400000,9.67,9.761,9.13,9.183
1774368000000,9.443,9.797,9.357,9.669
1774281600000,9.425,9.635,9.365,9.445
1774195200000,9.094,9.763,8.878,9.425
1774108800000,9.542,9.566,9.046,9.098
1774022400000,9.485,9.644,9.412,9.541
1773936000000,9.405,9.615,9.333,9.484
1773849600000,9.561,9.747,9.334,9.408
1773763200000,10.261,10.359,9.476,9.562
1773676800000,10.077,10.545,10.076,10.261
1773590400000,9.715,10.52,9.673,10.078
1773504000000,9.562,9.881,9.551,9.715
1773417600000,9.895,9.928,9.517,9.563
1773331200000,9.589,10.287,9.526,9.895
1773244800000,9.602,9.756,9.438,9.589
1773158400000,9.768,9.969,9.476,9.601
1773072000000,9.28,9.812,9.211,9.769
1772985600000,8.871,9.33,8.68,9.279
1772899200000,8.962,9.02,8.793,8.869
1772812800000,8.975,9.076,8.872,8.964
1772726400000,9.402,9.509,8.926,8.977
1772640000000,9.714,9.783,9.337,9.401
1772553600000,9.163,9.726,9.008,9.713
1772467200000,9.313,9.477,8.896,9.164
1772380800000,9.134,9.4,8.845,9.311
1772294400000,8.631,9.435,8.611,9.133
1772208000000,9.014,9.015,8.43,8.633
1772121600000,9.306,9.486,8.912,9.014
1772035200000,9.527,9.838,9.214,9.304
1771948800000,8.329,9.594,8.252,9.525
1771862400000,8.564,8.618,8.179,8.328
1771776000000,8.884,8.891,8.331,8.567
1771689600000,9.284,9.312,8.816,8.886
1771603200000,9.179,9.451,8.999,9.283
1771516800000,8.819,9.362,8.739,9.178
1771430400000,9.116,9.117,8.662,8.82
1771344000000,9.086,9.295,8.942,9.114
1771257600000,9.087,9.307,9.003,9.082
1771171200000,9.386,9.42,9.045,9.088
1771084800000,9.387,9.748,9.279,9.387
1770998400000,9.109,9.396,9.096,9.387
1770912000000,8.804,9.222,8.622,9.109
1770825600000,8.517,8.981,8.485,8.806
1770739200000,8.784,8.967,8.436,8.515
1770652800000,9,9.189,8.713,8.786
1770566400000,9.174,9.264,8.723,9.001
1770480000000,9.18,9.4,9.08,9.176
1770393600000,9.036,9.469,8.909,9.176
1770307200000,8.873,9.089,7.542,9.035
1770220800000,9.724,9.96,8.721,8.872
1770134400000,10.16,10.351,9.537,9.726
1770048000000,10.245,10.276,9.913,10.159
1769961600000,9.858,10.323,9.535,10.246
1769875200000,10.171,10.296,9.165,9.858
1769788800000,10.935,11.052,10,10.171
1769702400000,11.004,11.174,10.703,10.94
1769616000000,12.012,12.184,10.879,11.006
1769529600000,11.717,12.291,11.582,12.011
1769443200000,11.757,11.853,11.591,11.718
1769356800000,11.85,11.919,11.232,11.756
1769270400000,12.031,12.122,11.818,11.853
1769184000000,12.235,12.493,12.023,12.031
1769097600000,12.167,12.368,11.993,12.233
1769011200000,12.399,12.728,11.878,12.167
1768924800000,12.4,12.437,11.958,12.397
1768838400000,12.722,12.854,12.3,12.399
1768752000000,13.568,13.763,12.064,12.727
1768665600000,13.895,13.905,13.471,13.568
1768579200000,13.405,13.972,13.193,13.893
1768492800000,14.054,14.075,13.331,13.407
1768406400000,14.763,14.948,13.808,14.059
1768320000000,14.366,14.854,14.366,14.76
1768233600000,13.876,14.369,13.471,14.365
1768147200000,13.808,14.221,13.381,13.876
1768060800000,13.833,13.985,13.684,13.807
1767974400000,13.975,14.225,13.646,13.835
1767888000000,13.934,14.17,13.609,13.975
1767801600000,14.008,14.244,13.585,13.934
1767715200000,14.537,14.771,13.946,14.009
1767628800000,14.182,14.835,13.906,14.538
1767542400000,14.191,14.528,14,14.181
1767456000000,13.867,14.214,13.788,14.191
1767369600000,13.291,14.393,13.272,13.866
1767283200000,12.527,13.858,12.499,13.29
1767196800000,12.473,12.567,12.208,12.525
1767110400000,12.592,12.72,12.44,12.472
1767024000000,12.698,12.717,12.325,12.59
1766937600000,12.739,13.199,12.456,12.699
1766851200000,12.561,12.9,12.513,12.738
1766764800000,12.238,12.583,12.168,12.561
1766678400000,12.355,12.619,12.034,12.237
1766592000000,12.013,12.406,11.907,12.352
1766505600000,11.95,12.345,11.886,12.015
1766419200000,12.373,12.55,11.835,11.955
1766332800000,12.095,12.449,11.986,12.372
1766246400000,12.282,12.344,11.958,12.097
1766160000000,12.19,12.464,12.071,12.277
1766073600000,12.193,12.412,11.271,12.188
1765987200000,12.152,12.32,11.659,12.187
1765900800000,12.362,12.66,12.053,12.16
1765814400000,12.503,12.535,11.919,12.36
1765728000000,13.026,13.356,12.433,12.505
1765641600000,13.366,13.419,12.963,13.027
1765555200000,12.901,13.477,12.809,13.368
1765468800000,13.004,13.794,12.817,12.903
1765382400000,14.244,14.825,12.925,13.004
1765296000000,14.141,14.729,14.141,14.244
1765209600000,13.585,14.181,13.487,14.132
1765123200000,13.421,13.915,13.271,13.585
1765036800000,13.316,13.551,12.945,13.422
1764950400000,13.678,13.678,13.109,13.32
1764864000000,14.742,14.767,13.577,13.68
