1738857600000,24.995,26.22,24.269,25.437
1738771200000,26.551,26.824,24.809,24.992
1738684800000,26.903,27.949,25.733,26.549
1738598400000,27.342,28.78,25.524,26.899
1738512000000,30.71,30.719,21.067,27.35
1738425600000,33.692,33.811,30.361,30.704
1738339200000,35.943,36.171,33.367,33.696
1738252800000,34.408,35.969,33.809,35.945
1738166400000,32.616,34.659,31.895,34.392
1738080000000,33.77,33.818,31.84,32.61
1737993600000,33.67,34.68,32.925,33.763
1737907200000,37.421,38.167,32.867,33.66
1737820800000,36.455,38.039,36.298,37.415
1737734400000,36.262,36.814,34.903,36.451
1737648000000,35.948,36.681,34.566,36.248
1737561600000,36.905,37.519,34.779,35.941
1737475200000,36.175,37.78,36.061,36.916
1737388800000,37.321,37.873,34.512,36.192
1737302400000,38.472,40.277,34.496,37.305
1737216000000,39.104,40.577,36.446,38.476
1737129600000,40.978,41.818,38.756,39.068
1737043200000,39.741,41.645,39.572,40.996
1736956800000,39.336,40.53,38.344,39.765
1736870400000,36.185,39.733,35.843,39.325
1736784000000,34.427,36.555,33.12,36.19
1736697600000,37.5,37.649,32.728,34.426
1736611200000,36.446,37.786,36.29,37.491
1736524800000,36.6,37.449,35.942,36.397
1736438400000,37.263,37.922,35.5,36.593
1736352000000,38.191,38.203,35.555,37.246
1736265600000,40.88,41.282,37.569,38.163
1736179200000,44.746,45.049,40.302,40.883
1736092800000,41.774,44.875,41.688,44.736
1736006400000,41.07,42.869,41,41.765
1735920000000,41.912,42.367,40.897,41.067
1735833600000,39.424,42.1,38.8,41.905
1735747200000,36.515,40.617,36.044,39.415
1735660800000,36.792,36.855,34.954,36.48
1735574400000,35.131,37.298,34.943,36.782
1735488000000,36.588,37.18,34.871,35.138
1735401600000,37.031,38.139,36.436,36.577
1735315200000,36.676,37.568,36.285,37.076
1735228800000,37.671,39.04,36.542,36.669
1735142400000,40.576,40.808,37.417,37.681
1735056000000,40.91,42.075,40.293,40.566
1734969600000,35.763,41.029,35.757,40.913
1734883200000,37.015,38.016,35.527,35.748
1734796800000,38.628,38.731,36.157,37.012
1734710400000,38.021,42.349,37.749,38.613
1734624000000,41.568,42.45,33.601,38.023
1734537600000,46.289,47.582,40.319,41.572
1734451200000,48.801,49.903,45.613,46.29
1734364800000,49.003,50.874,48.309,48.808
1734278400000,50.446,52.045,48.099,49.002
1734192000000,51.339,51.408,48.134,50.436
1734105600000,51.176,53.844,50.743,51.345
1734019200000,52.287,55.387,51.108,51.17
1733932800000,47.935,52.984,47.181,52.302
1733846400000,42.41,48.382,41.327,47.926
1733760000000,49,49.741,39.394,42.393
1733673600000,52.235,54.388,48.789,48.981
1733587200000,52.524,53.077,50.349,52.224
1733500800000,51.666,53.001,51.193,52.514
1733414400000,52.264,53.633,48.533,51.633
1733328000000,55.625,55.8,49.73,52.263
1733241600000,50.154,55.779,49.244,55.629
1733155200000,49.046,53.949,46.812,50.157
1733068800000,45.267,50,44.088,49.057
1732982400000,45.566,45.925,43.625,45.242
1732896000000,44.328,46.254,43.653,45.572
1732809600000,41.674,44.602,41.648,44.328
1732723200000,43.728,44.245,41.507,41.67
1732636800000,41.039,44.471,40.677,43.757
1732550400000,43.202,43.926,38.5,41.039
1732464000000,38.768,47.924,38.606,43.2
1732377600000,43.175,43.696,38.261,38.754
1732291200000,39.507,45.283,38.72,43.159
1732204800000,34.982,39.537,34.872,39.504
1732118400000,34.85,35.992,32.32,34.978
1732032000000,34.413,35.752,33.013,34.864
1731945600000,35.532,36.125,33.573,34.378
1731859200000,36.575,36.667,34.03,35.535
1731772800000,34.574,37.269,33.012,36.558
1731686400000,31.407,35.743,31.232,34.545
1731600000000,31.77,32.866,30.583,31.401
1731513600000,34.729,35.033,31.325,31.764
1731427200000,33.895,35.13,31.201,34.75
1731340800000,32.47,37.688,32.455,33.9
1731254400000,32.341,33.29,30.013,32.47
1731168000000,28.816,32.825,28.49,32.338
1731081600000,28.085,29.782,27.519,28.829
1730995200000,27.283,28.571,27.104,28.082
1730908800000,26.155,28.017,26.026,27.284
1730822400000,23.979,26.582,23.595,26.153
1730736000000,23.224,24.223,22.35,23.977
1730649600000,23.043,23.934,22.845,23.225
1730563200000,24.255,24.381,22.608,23.06
1730476800000,24.9,25.222,24.076,24.254
1730390400000,25.262,25.712,24.398,24.899
1730304000000,26.133,26.496,25.1,25.261
1730217600000,26.736,27.156,26.002,26.13
1730131200000,25.571,26.977,25.339,26.74
1730044800000,25.798,26.315,25.058,25.574
1729958400000,25.089,25.819,24.982,25.802
1729872000000,26.144,26.267,23.916,25.091
1729785600000,26.804,27.232,26.051,26.144
1729699200000,26.512,27.231,25.879,26.808
1729612800000,27.807,27.812,26.338,26.513
1729526400000,27.758,28.224,27.223,27.813
1729440000000,28.395,29.334,27.587,27.764
1729353600000,28.128,28.45,27.763,28.386
1729267200000,27.8,28.455,27.62,28.135
1729180800000,27.738,27.871,26.816,27.802
1729094400000,27.481,28.264,27.17,27.75
1729008000000,28.119,28.624,27.25,27.48
1728921600000,29.547,29.617,27.537,28.122
1728835200000,28.465,29.866,28.295,29.546
1728748800000,29.111,29.36,28.392,28.489
1728662400000,26.783,29.372,26.688,29.111
1728576000000,25.849,26.824,25.063,26.787
1728489600000,26.196,26.367,25.521,25.856
1728403200000,26.333,26.696,25.673,26.201
1728316800000,27.14,27.436,26.03,26.331
1728230400000,26.93,27.737,26.629,27.14
1728144000000,25.734,26.973,25.109,26.943
1728057600000,26.156,26.507,25.569,25.739
1727971200000,24.375,26.159,23.946,26.159
1727884800000,26.218,26.464,23.897,24.376
1727798400000,26.678,26.874,25.01,26.22
1727712000000,27.957,28.885,25.971,26.688
1727625600000,28.841,29.434,27.926,27.945
1727539200000,29.474,29.489,28.25,28.845
1727452800000,30.161,30.754,29.025,29.474
1727366400000,29.2,30.849,28.771,30.158
1727280000000,27.678,29.328,26.977,29.19
1727193600000,27.151,28.55,27.117,27.689
1727107200000,27.546,27.812,26.841,27.151
1727020800000,26.863,28.167,26.449,27.562
1726934400000,27.575,27.999,26.632,26.884
1726848000000,27.198,28.129,26.786,27.572
1726761600000,26.392,28.837,26.106,27.191
1726675200000,22.924,26.537,22.792,26.387
1726588800000,24.398,24.478,22.857,22.928
1726502400000,23.517,24.488,23.166,24.402
1726416000000,24.735,24.755,23.3,23.516
1726329600000,25.495,25.661,24.55,24.757
1726243200000,24.697,25.601,24.517,25.487
1726156800000,23.463,24.743,23.458,24.693
1726070400000,23.323,24.089,23.266,23.48
1725984000000,23.752,24.604,22.886,23.345
1725897600000,23.589,24.415,23.574,23.77
1725811200000,22.472,24.361,22.372,23.586
1725724800000,21.839,23.227,21.599,22.469
1725638400000,21.344,22.009,20.45,21.837
1725552000000,21.411,22.187,21.085,21.349
1725465600000,22.039,22.314,21.253,21.415
1725379200000,21.588,22.059,20.463,22.044
1725292800000,22.07,22.726,21.541,21.598
1725206400000,22.423,22.482,21.109,22.061
1725120000000,23.039,23.04,21.864,22.416
1725033600000,22.385,23.392,22.194,23.037
1724947200000,24.342,24.541,22.195,22.37
1724860800000,23.86,24.679,23.193,24.36
1724774400000,25.324,25.81,23.47,23.878
1724688000000,26.534,26.796,25.269,25.327
1724601600000,27.04,27.679,26.249,26.554
1724515200000,27.774,28,26.13,27.03
1724428800000,26.13,27.828,26.036,27.777
1724342400000,24.58,26.856,24.129,26.117
1724256000000,23.095,25.312,22.988,24.617
1724169600000,21.78,23.595,21.748,23.1
1724083200000,20.56,22.23,20.44,21.774
1723996800000,21.23,21.508,20.38,20.566
1723910400000,20.47,21.397,20.464,21.222
1723824000000,19.96,20.68,19.952,20.478
1723737600000,20.91,20.994,19.781,19.961
1723651200000,21.29,21.415,20.539,20.922
1723564800000,21.041,21.873,20.768,21.305
1723478400000,21.353,21.434,20.607,21.04
1723392000000,21.298,21.715,20.302,21.359
1723305600000,21.694,22.377,21.155,21.302
1723219200000,21.367,22.05,21.33,21.692
1723132800000,21.956,22.8,21.29,21.365
1723046400000,20.41,21.956,19.531,21.95
1722960000000,21.12,21.69,20.108,20.42
1722873600000,19.73,21.256,19.167,21.106
1722787200000,21.597,22.09,17.241,19.735
1722700800000,23.353,23.416,21.58,21.597
1722614400000,24.12,24.28,23,23.353
1722528000000,24.604,25.9,23.477,24.14
1722441600000,26.584,26.862,24.462,24.6
1722355200000,26.711,26.912,25.831,26.59
1722268800000,27.556,27.576,26.423,26.714
1722182400000,27.256,28.878,27.075,27.567
1722096000000,28.85,28.989,27.224,27.256
1722009600000,28.568,29.522,28.319,28.852
1721923200000,27.033,28.598,26.274,28.566
1721836800000,29.21,29.498,26.655,27.02
1721750400000,30.29,30.553,28.381,29.201
1721664000000,31.93,32.63,29.9,30.308
1721577600000,30.994,33,29.76,31.918
1721491200000,28.398,31.036,28.148,30.999
1721404800000,27.633,28.485,27.631,28.403
1721318400000,26.882,27.693,26.593,27.629
1721232000000,28.01,28.035,26.841,26.904
1721145600000,28.47,29.249,27.848,28.058
1721059200000,26.933,28.516,26.46,28.456
1720972800000,25.92,27.344,25.683,26.953
1720886400000,26.206,26.417,25.534,25.915
1720800000000,25.611,26.339,25.109,26.2
1720713600000,25.134,25.691,24.813,25.607
1720627200000,26.308,26.645,25.014,25.139
1720540800000,25.52,27.42,25.445,26.308
1720454400000,25.871,26.1,24.712,25.521
1720368000000,25.872,27.226,24.55,25.908
1720281600000,26.016,27.617,25.489,25.877
1720195200000,24.992,26.323,24.63,26.005
1720108800000,25.608,25.698,21.787,24.992
1720022400000,26.922,27.073,24.843,25.607
1719936000000,28.331,28.966,26.61,26.939
1719849600000,29.816,29.959,28.087,28.321
1719763200000,28.066,30.125,27.924,29.831
1719676800000,27.775,28.795,27.408,28.059
1719590400000,28.344,28.685,27.573,27.784
1719504000000,27.839,29.1,27.673,28.342
1719417600000,25.978,27.938,25.353,27.802
1719331200000,25.644,26.239,25.249,25.963
1719244800000,23.916,25.785,23.509,25.638
1719158400000,24.415,25.633,23.507,23.929
1719072000000,26.121,26.124,24.134,24.414
1718985600000,27.417,27.825,24.504,26.131
1718899200000,27.309,28.03,26.963,27.435
1718812800000,27.127,28.878,26.69,27.307
1718726400000,26.269,27.52,25.578,27.14
1718640000000,28.062,29.445,24.749,26.254
1718553600000,30.211,30.35,27.971,28.039
1718467200000,30.311,30.482,29.815,30.206
1718380800000,30.705,30.744,29.289,30.315
1718294400000,31.3,32.194,30.583,30.689
1718208000000,33.496,33.989,31.252,31.3
1718121600000,31.128,33.642,30.593,33.494
1718035200000,32.992,33.026,30.754,31.133
1717948800000,32.47,33.465,32.04,32.961
1717862400000,32.476,32.669,31.933,32.47
1717776000000,36.26,36.354,30.751,32.474
1717689600000,36.889,36.942,35.513,36.277
1717603200000,36.453,37.2,36.053,36.872
1717516800000,35.821,36.561,35.467,36.452
1717430400000,35.648,36.064,34.405,35.823
1717344000000,35.838,36.268,34.566,35.623
1717257600000,35.975,36.174,35.361,35.853
1717171200000,35.534,36.484,35.207,35.975
1717084800000,36.722,37.087,35.516,35.53
1716998400000,36.633,37.05,35.309,36.728
1716912000000,37.103,37.491,36.381,36.636
1716825600000,38.425,38.945,36.523,37.107
1716739200000,36.884,38.484,36.475,38.432
1716652800000,38.055,38.312,36.701,36.897
1716566400000,38.151,38.732,37.692,38.061
1716480000000,38.354,39.009,36.314,38.186
1716393600000,40.376,40.497,37.686,38.364
1716307200000,40.184,41.791,39.184,40.375
1716220800000,36.662,41.42,36.499,40.173
1716134400000,35.967,36.684,35.138,36.655
1716048000000,37.348,37.758,35.775,35.963
1715961600000,37.129,37.665,36.216,37.353
1715875200000,34.207,37.6,33.745,37.125
1715788800000,34.072,35.014,33.774,34.228
1715702400000,32.1,34.473,31.358,34.086
1715616000000,33.297,33.46,31.605,32.086
1715529600000,33.704,33.905,31.93,33.272
1715443200000,33.807,34.005,33.196,33.685
1715356800000,34.61,34.736,33.064,33.808
1715270400000,34.358,36.127,34.045,34.621
1715184000000,34.498,35.029,33.647,34.35
1715097600000,36.894,37.067,34.1,34.497
1715011200000,37.784,38.076,36.296,36.899
1714924800000,37.415,39.885,36.985,37.774
1714838400000,36.221,37.995,36.054,37.419
1714752000000,35.085,36.393,35.065,36.215
1714665600000,33.819,35.168,33.311,35.082
1714579200000,32.455,34.12,31.793,33.809
1714492800000,32.812,33.075,30.591,32.481
1714406400000,34.955,35.895,32.526,32.817
1714320000000,34.672,35.384,32.839,34.943
1714233600000,34.079,35.266,33.945,34.684
1714147200000,35.154,35.316,33.082,34.045
1714060800000,35.642,36.363,34.7,35.149
1713974400000,36.856,37.552,34.703,35.653
1713888000000,38.979,39.847,36.701,36.863
1713801600000,39,39.917,37.971,38.951
1713715200000,37.224,39.678,36.351,38.989
1713628800000,36.605,38.77,36.339,37.198
1713542400000,35.363,36.654,34.133,36.6
1713456000000,35.036,36.147,31.923,35.359
1713369600000,32.646,35.612,32.228,35.018
1713283200000,32.951,35.381,32.475,32.644
1713196800000,36.863,37.065,32.94,32.94
1713110400000,35.455,38.609,34.219,36.87
1713024000000,38.23,38.368,29,35.452
