1790611200000,0.09335,0.09638,0.0918,0.09376
1790524800000,0.09694,0.09782,0.0915,0.09334
1790438400000,0.09869,0.0989,0.0953,0.09693
1790352000000,0.09746,0.09982,0.09666,0.09869
1790265600000,0.09568,0.0991,0.09452,0.09746
1790179200000,0.09276,0.09624,0.09115,0.09567
1790092800000,0.10002,0.10439,0.09241,0.09277
1790006400000,0.09729,0.10589,0.09518,0.10001
1789920000000,0.08584,0.09815,0.08561,0.0973
1789833600000,0.08893,0.09137,0.08435,0.08584
1789747200000,0.08751,0.08995,0.08648,0.08893
1789660800000,0.082,0.08821,0.08119,0.0875
1789574400000,0.07905,0.08277,0.07831,0.082
1789488000000,0.08169,0.08253,0.0785,0.07904
1789401600000,0.08405,0.08614,0.0805,0.08169
1789315200000,0.08352,0.08485,0.08191,0.08405
1789228800000,0.08511,0.08519,0.08288,0.08352
1789142400000,0.08499,0.08596,0.08358,0.08511
1789056000000,0.08374,0.08828,0.08222,0.08499
1788969600000,0.08895,0.08942,0.08251,0.08373
1788883200000,0.09066,0.09161,0.08815,0.08896
1788796800000,0.08899,0.0917,0.088,0.09065
1788710400000,0.08896,0.09187,0.08855,0.08899
1788624000000,0.08759,0.09511,0.08731,0.08897
1788537600000,0.08442,0.08816,0.08402,0.08758
1788451200000,0.08921,0.08998,0.0838,0.08442
1788364800000,0.0817,0.0894,0.08087,0.08919
1788278400000,0.08274,0.08274,0.08013,0.08168
1788192000000,0.08283,0.08398,0.08171,0.08272
1788105600000,0.08539,0.08648,0.0808,0.08283
1788019200000,0.08517,0.08583,0.08438,0.08537
1787932800000,0.08589,0.08606,0.08382,0.08516
1787846400000,0.08868,0.09033,0.08552,0.0859
1787760000000,0.08451,0.09002,0.08384,0.08869
1787673600000,0.08922,0.08941,0.08382,0.08454
1787587200000,0.09127,0.09309,0.08695,0.0892
1787500800000,0.09242,0.0945,0.09014,0.09127
1787414400000,0.09031,0.09532,0.0887,0.09242
1787328000000,0.08383,0.10092,0.08206,0.09031
1787241600000,0.08022,0.08577,0.07908,0.08383
1787155200000,0.07251,0.08066,0.07192,0.08022
1787068800000,0.07033,0.0741,0.06986,0.07251
1786982400000,0.07052,0.07055,0.06961,0.07032
1786896000000,0.07006,0.0706,0.0691,0.07051
1786809600000,0.07008,0.07009,0.06951,0.07006
1786723200000,0.06989,0.07056,0.06959,0.07008
1786636800000,0.06973,0.07038,0.06923,0.06991
1786550400000,0.07083,0.07098,0.0689,0.06972
1786464000000,0.0706,0.07314,0.07026,0.07082
1786377600000,0.06967,0.07133,0.06946,0.07059
1786291200000,0.0707,0.07098,0.06907,0.06966
1786204800000,0.07115,0.07142,0.06985,0.07068
1786118400000,0.06995,0.07156,0.0694,0.07115
1786032000000,0.06903,0.07035,0.06863,0.06995
1785945600000,0.06971,0.07055,0.06824,0.06903
1785859200000,0.07024,0.07065,0.0693,0.06971
1785772800000,0.07049,0.07072,0.06977,0.07024
1785686400000,0.0703,0.07146,0.069,0.07048
1785600000000,0.07013,0.07059,0.06757,0.07029
1785513600000,0.06906,0.07045,0.06898,0.07014
1785427200000,0.07059,0.07105,0.0685,0.06905
1785340800000,0.0702,0.07117,0.0688,0.07058
1785254400000,0.07081,0.07141,0.06996,0.0702
1785168000000,0.07137,0.0723,0.06923,0.07081
1785081600000,0.07312,0.07353,0.07082,0.07137
1784995200000,0.07121,0.07404,0.07118,0.07311
1784908800000,0.06921,0.0715,0.06857,0.07121
1784822400000,0.06978,0.07019,0.0682,0.06919
1784736000000,0.07308,0.07352,0.06839,0.06976
1784649600000,0.07348,0.07389,0.07204,0.07308
1784563200000,0.07337,0.07383,0.07152,0.07348
1784476800000,0.07249,0.07349,0.0711,0.07337
1784390400000,0.07218,0.07285,0.07208,0.07248
1784304000000,0.07216,0.07298,0.07191,0.07218
1784217600000,0.07362,0.07372,0.071,0.07215
1784131200000,0.07463,0.07476,0.07264,0.07361
1784044800000,0.07492,0.07538,0.0735,0.07461
1783958400000,0.07208,0.0752,0.07089,0.0749
1783872000000,0.07375,0.07416,0.0715,0.07208
1783785600000,0.07533,0.07556,0.07228,0.07373
1783699200000,0.07406,0.07558,0.07367,0.07532
1783612800000,0.07267,0.07468,0.07236,0.07406
1783526400000,0.07188,0.0732,0.07184,0.07267
1783440000000,0.07521,0.07572,0.07101,0.07187
1783353600000,0.07625,0.0784,0.07373,0.0752
1783267200000,0.07717,0.07882,0.07438,0.07624
1783180800000,0.07857,0.07939,0.07532,0.07715
1783094400000,0.07636,0.07876,0.07615,0.07857
1783008000000,0.07454,0.07737,0.07376,0.07635
1782921600000,0.07337,0.07557,0.07168,0.07451
1782835200000,0.07074,0.07357,0.07051,0.07337
1782748800000,0.07283,0.07429,0.0695,0.07073
1782662400000,0.07359,0.07388,0.07195,0.07282
1782576000000,0.07625,0.07636,0.07324,0.07358
1782489600000,0.07501,0.07644,0.07463,0.07623
1782403200000,0.07345,0.07537,0.07212,0.075
1782316800000,0.07478,0.07751,0.07137,0.07344
1782230400000,0.07885,0.07979,0.07449,0.07479
1782144000000,0.08366,0.08369,0.07839,0.07884
1782057600000,0.08341,0.0851,0.08215,0.08365
1781971200000,0.08377,0.08408,0.08278,0.08343
1781884800000,0.08322,0.08433,0.08265,0.08376
1781798400000,0.082,0.08397,0.0819,0.0832
1781712000000,0.08728,0.08788,0.08182,0.08201
1781625600000,0.0872,0.08813,0.08548,0.08728
1781539200000,0.09069,0.09071,0.08621,0.0872
1781452800000,0.08632,0.09091,0.08614,0.0907
1781366400000,0.08837,0.08863,0.0857,0.08632
1781280000000,0.08745,0.08905,0.08558,0.08836
1781193600000,0.08495,0.09249,0.08441,0.08746
1781107200000,0.08514,0.08558,0.08185,0.08494
1781020800000,0.08411,0.08571,0.08284,0.08513
1780934400000,0.087,0.08752,0.08408,0.08412
1780848000000,0.08465,0.08759,0.083,0.08693
1780761600000,0.08168,0.08599,0.08046,0.08464
1780675200000,0.08154,0.08362,0.07762,0.08167
1780588800000,0.08953,0.09003,0.08097,0.08154
1780502400000,0.09281,0.09326,0.08575,0.08953
1780416000000,0.09488,0.09637,0.09085,0.0928
1780329600000,0.09833,0.10124,0.09351,0.09489
1780243200000,0.09989,0.10155,0.09801,0.09833
1780156800000,0.10135,0.10169,0.0996,0.09988
1780070400000,0.10043,0.1018,0.0992,0.10134
1779984000000,0.09846,0.10118,0.09744,0.10039
1779897600000,0.10259,0.1029,0.09651,0.09846
1779811200000,0.10205,0.10337,0.10027,0.10258
1779724800000,0.10302,0.10386,0.10045,0.10205
1779638400000,0.10197,0.10363,0.10055,0.10301
1779552000000,0.10109,0.10507,0.10081,0.10196
1779465600000,0.10609,0.10637,0.09703,0.10109
1779379200000,0.10472,0.10678,0.10425,0.10609
1779292800000,0.10421,0.10641,0.10301,0.10471
1779206400000,0.10362,0.10497,0.10189,0.10421
1779120000000,0.10393,0.10556,0.10251,0.10361
1779033600000,0.11046,0.11133,0.103,0.10392
1778947200000,0.10971,0.11281,0.10811,0.11046
1778860800000,0.1116,0.11382,0.10782,0.10971
1778774400000,0.11397,0.11863,0.11078,0.11161
1778688000000,0.10994,0.11668,0.10989,0.11396
1778601600000,0.10868,0.11464,0.10752,0.10993
1778515200000,0.11092,0.11181,0.10791,0.10867
1778428800000,0.10912,0.11285,0.10642,0.1109
1778342400000,0.10864,0.10999,0.10781,0.10911
1778256000000,0.10809,0.11137,0.10728,0.10863
1778169600000,0.10802,0.10859,0.10562,0.10809
1778083200000,0.11309,0.11364,0.10675,0.10802
1777996800000,0.1124,0.11707,0.11144,0.11309
1777910400000,0.11024,0.11293,0.10986,0.11239
1777824000000,0.10849,0.11376,0.10768,0.11025
1777737600000,0.10902,0.10936,0.10714,0.10848
1777651200000,0.10942,0.10969,0.10717,0.10901
1777564800000,0.10708,0.11054,0.10542,0.10943
1777478400000,0.10335,0.1084,0.10094,0.10708
1777392000000,0.09953,0.1122,0.09884,0.10337
1777305600000,0.0972,0.10099,0.09707,0.09954
1777219200000,0.09903,0.10083,0.0968,0.0972
1777132800000,0.09816,0.09919,0.09738,0.09902
1777046400000,0.09809,0.09951,0.09764,0.09817
1776960000000,0.09736,0.09851,0.09515,0.09808
1776873600000,0.09789,0.0982,0.09525,0.09736
1776787200000,0.09479,0.09858,0.09358,0.09788
1776700800000,0.09498,0.09612,0.09438,0.09479
1776614400000,0.09561,0.09577,0.09255,0.09497
1776528000000,0.09601,0.0965,0.09348,0.09558
1776441600000,0.10056,0.10217,0.09547,0.09601
1776355200000,0.09731,0.10156,0.0964,0.10055
1776268800000,0.09359,0.09795,0.09352,0.09729
1776182400000,0.0954,0.09602,0.09236,0.0936
1776096000000,0.09172,0.098,0.09137,0.09541
1776009600000,0.09066,0.09263,0.09052,0.09173
1775923200000,0.09278,0.0949,0.09029,0.09067
1775836800000,0.09334,0.09526,0.09228,0.09277
1775750400000,0.09289,0.095,0.09194,0.09333
1775664000000,0.09342,0.09413,0.09093,0.09287
1775577600000,0.09041,0.09605,0.09038,0.09341
1775491200000,0.09283,0.09289,0.08992,0.09041
1775404800000,0.09068,0.09364,0.09022,0.0928
1775318400000,0.09179,0.09313,0.08971,0.09067
1775232000000,0.09152,0.09258,0.09075,0.09178
1775145600000,0.09034,0.0922,0.08966,0.09151
1775059200000,0.09307,0.09428,0.08899,0.09034
1774972800000,0.09043,0.09451,0.09031,0.09306
1774886400000,0.09288,0.09303,0.08935,0.09042
1774800000000,0.09019,0.09391,0.08789,0.09288
1774713600000,0.09404,0.0943,0.09004,0.09018
1774627200000,0.09036,0.09535,0.08948,0.09404
1774540800000,0.09098,0.09276,0.08927,0.09036
1774454400000,0.09599,0.09707,0.09055,0.09098
1774368000000,0.09336,0.09794,0.09245,0.09597
1774281600000,0.09381,0.09579,0.09268,0.09338
1774195200000,0.09163,0.09578,0.08917,0.09381
1774108800000,0.09466,0.09468,0.09,0.09163
1774022400000,0.09421,0.09499,0.0929,0.09465
1773936000000,0.09289,0.0954,0.09176,0.09422
1773849600000,0.09438,0.09607,0.09215,0.09288
1773763200000,0.09967,0.10185,0.09398,0.0944
1773676800000,0.10007,0.10449,0.09833,0.09968
1773590400000,0.095,0.10355,0.09445,0.10005
1773504000000,0.09493,0.09743,0.09438,0.095
1773417600000,0.09796,0.09849,0.094,0.09494
1773331200000,0.0941,0.10196,0.09335,0.09797
1773244800000,0.09238,0.09585,0.09179,0.09411
1773158400000,0.09911,0.10044,0.09118,0.09237
1773072000000,0.09113,0.09974,0.09018,0.09911
1772985600000,0.08873,0.09243,0.08655,0.09113
1772899200000,0.09003,0.09133,0.08789,0.08873
1772812800000,0.09027,0.09211,0.0894,0.09003
1772726400000,0.09428,0.0948,0.09,0.09027
1772640000000,0.09904,0.1043,0.09388,0.09429
1772553600000,0.09022,0.09919,0.08848,0.09903
1772467200000,0.09568,0.0977,0.08864,0.09022
1772380800000,0.09388,0.09664,0.09055,0.09567
1772294400000,0.09081,0.09787,0.09014,0.09385
1772208000000,0.09404,0.09429,0.08774,0.09078
1772121600000,0.09858,0.09912,0.0936,0.09404
1772035200000,0.10157,0.10625,0.09743,0.09858
1771948800000,0.09178,0.10266,0.09089,0.10156
1771862400000,0.09493,0.09541,0.08991,0.09177
1771776000000,0.09579,0.0976,0.09145,0.09496
1771689600000,0.10004,0.10007,0.09513,0.09577
1771603200000,0.10029,0.10242,0.09869,0.10003
1771516800000,0.09685,0.10057,0.09557,0.10029
1771430400000,0.10109,0.10118,0.09645,0.09687
1771344000000,0.1005,0.1036,0.09912,0.10109
1771257600000,0.09958,0.10141,0.0984,0.10049
1771171200000,0.10776,0.10776,0.09851,0.09957
1771084800000,0.104,0.11758,0.10247,0.10778
1770998400000,0.09536,0.10426,0.09502,0.104
1770912000000,0.09324,0.09666,0.09071,0.09536
1770825600000,0.08901,0.09455,0.08871,0.09325
1770739200000,0.09303,0.09417,0.08788,0.08901
1770652800000,0.09519,0.09699,0.09177,0.093
1770566400000,0.09733,0.09902,0.09223,0.0952
1770480000000,0.09683,0.09947,0.09623,0.09733
1770393600000,0.09643,0.10211,0.09473,0.09682
1770307200000,0.09419,0.09693,0.08,0.09643
1770220800000,0.10344,0.10558,0.09262,0.09421
1770134400000,0.11018,0.11051,0.10229,0.10345
1770048000000,0.10954,0.11055,0.10548,0.11018
1769961600000,0.1041,0.11056,0.09955,0.10953
1769875200000,0.10681,0.1081,0.095,0.10408
1769788800000,0.11607,0.11872,0.105,0.1068
1769702400000,0.11622,0.11879,0.11208,0.11607
1769616000000,0.12464,0.1263,0.11532,0.11624
1769529600000,0.12297,0.1277,0.12181,0.12464
1769443200000,0.12228,0.12351,0.12133,0.12295
1769356800000,0.1223,0.12382,0.1176,0.12227
1769270400000,0.12371,0.12473,0.12175,0.12229
1769184000000,0.12472,0.12786,0.12323,0.12371
1769097600000,0.12429,0.126,0.12205,0.12471
1769011200000,0.12638,0.12881,0.12028,0.12431
1768924800000,0.12518,0.12663,0.12158,0.12637
1768838400000,0.12783,0.13065,0.12422,0.12521
1768752000000,0.1366,0.13798,0.11947,0.12783
1768665600000,0.13954,0.13992,0.13636,0.13659
1768579200000,0.13604,0.14007,0.13565,0.13954
1768492800000,0.14213,0.1425,0.13513,0.13604
1768406400000,0.149,0.1513,0.1401,0.14214
1768320000000,0.14212,0.15097,0.14194,0.14898
1768233600000,0.13844,0.14237,0.13554,0.14212
1768147200000,0.13818,0.14239,0.13495,0.13848
1768060800000,0.14,0.14122,0.13666,0.13817
1767974400000,0.14212,0.14424,0.13899,0.13999
1767888000000,0.14189,0.14457,0.13826,0.14211
1767801600000,0.14613,0.1485,0.138,0.1419
1767715200000,0.14997,0.15404,0.14352,0.14614
1767628800000,0.14884,0.15662,0.1484,0.14998
1767542400000,0.15142,0.15292,0.14587,0.14883
1767456000000,0.14222,0.15418,0.14062,0.15142
1767369600000,0.13526,0.14491,0.13482,0.14222
1767283200000,0.12468,0.13621,0.12362,0.13525
1767196800000,0.12116,0.12745,0.11585,0.12467
1767110400000,0.12455,0.12503,0.12057,0.12115
1767024000000,0.12409,0.1254,0.12228,0.12455
1766937600000,0.12426,0.12806,0.1225,0.12411
1766851200000,0.12304,0.12492,0.12264,0.12425
1766764800000,0.12219,0.12344,0.12066,0.12303
1766678400000,0.12764,0.128,0.12131,0.12216
1766592000000,0.12837,0.12945,0.12566,0.12761
1766505600000,0.12949,0.13093,0.1265,0.12839
1766419200000,0.13439,0.13522,0.12792,0.12948
1766332800000,0.12952,0.1354,0.12911,0.13438
1766246400000,0.13212,0.13343,0.12867,0.12952
1766160000000,0.1296,0.13357,0.12956,0.1321
1766073600000,0.12951,0.13209,0.12,0.1296
1765987200000,0.12996,0.13078,0.12389,0.1295
1765900800000,0.13267,0.13635,0.12936,0.12998
1765814400000,0.13078,0.13305,0.12665,0.13269
1765728000000,0.13548,0.13847,0.1298,0.13077
1765641600000,0.13948,0.1399,0.13495,0.13547
1765555200000,0.13561,0.14,0.13432,0.13947
1765468800000,0.13713,0.1428,0.135,0.13562
1765382400000,0.14518,0.15036,0.13656,0.1371
1765296000000,0.14628,0.15316,0.14455,0.14518
1765209600000,0.14247,0.14682,0.13942,0.14629
1765123200000,0.13933,0.14504,0.13582,0.14248
1765036800000,0.13961,0.14091,0.13472,0.13934
1764950400000,0.14252,0.1426,0.13724,0.13961
1764864000000,0.15021,0.15042,0.14186,0.14252
