1764777600000,0.1492,0.1534,0.14775,0.15021
1764691200000,0.14631,0.15206,0.14475,0.14918
1764604800000,0.13387,0.14781,0.13214,0.1463
1764518400000,0.1494,0.15055,0.13175,0.13386
1764432000000,0.14949,0.15058,0.14725,0.14939
1764345600000,0.15375,0.15378,0.14824,0.14948
1764259200000,0.154,0.15551,0.14963,0.15373
1764172800000,0.1507,0.15677,0.15068,0.15401
1764086400000,0.148,0.15508,0.14793,0.15069
1764000000000,0.14679,0.15398,0.14585,0.148
1763913600000,0.14722,0.14927,0.1428,0.1468
1763827200000,0.13817,0.14774,0.13811,0.14723
1763740800000,0.13798,0.14352,0.1355,0.13818
1763654400000,0.15737,0.1576,0.13324,0.13799
1763568000000,0.1545,0.15976,0.14716,0.15739
1763481600000,0.15923,0.16291,0.15421,0.15451
1763395200000,0.15842,0.16084,0.14943,0.15922
1763308800000,0.15862,0.16515,0.15364,0.15843
1763222400000,0.1631,0.16562,0.15831,0.1586
1763136000000,0.16289,0.16477,0.15463,0.16311
1763049600000,0.17272,0.17321,0.15771,0.16287
1762963200000,0.17136,0.17768,0.1672,0.17276
1762876800000,0.17616,0.17852,0.17082,0.17136
1762790400000,0.17923,0.18639,0.17528,0.17618
1762704000000,0.17808,0.18574,0.17654,0.17924
1762617600000,0.17397,0.17964,0.17124,0.1781
1762531200000,0.16901,0.18333,0.16836,0.17397
1762444800000,0.15917,0.17027,0.15687,0.16899
1762358400000,0.16735,0.16885,0.15855,0.15919
1762272000000,0.16396,0.16737,0.15153,0.16733
1762185600000,0.16703,0.17178,0.16066,0.16396
1762099200000,0.18347,0.18678,0.15908,0.16701
1762012800000,0.18736,0.18888,0.18282,0.18346
1761926400000,0.18598,0.18818,0.18273,0.18735
1761840000000,0.1807,0.18739,0.17639,0.18599
1761753600000,0.19116,0.197,0.17985,0.1807
1761667200000,0.19975,0.2025,0.19,0.19115
1761580800000,0.20304,0.2057,0.19604,0.19976
1761494400000,0.20308,0.20955,0.20007,0.20301
1761408000000,0.19629,0.20387,0.19466,0.20307
1761321600000,0.19497,0.19985,0.19413,0.19626
1761235200000,0.19552,0.20106,0.19238,0.19497
1761148800000,0.19212,0.1962,0.18446,0.19552
1761062400000,0.20441,0.205,0.18629,0.19209
1760976000000,0.19933,0.20565,0.19206,0.20441
1760889600000,0.19652,0.20256,0.19166,0.19934
1760803200000,0.18766,0.1981,0.18595,0.19652
1760716800000,0.18486,0.18987,0.18334,0.18765
1760630400000,0.18944,0.19482,0.17557,0.18488
1760544000000,0.19874,0.20146,0.18736,0.18945
1760457600000,0.20355,0.20857,0.19697,0.19871
1760371200000,0.21015,0.2183,0.1932,0.20355
1760284800000,0.20513,0.21416,0.20188,0.21013
1760198400000,0.19203,0.20685,0.17811,0.20512
1760112000000,0.23784,0.23972,0.08904,0.19205
1760025600000,0.24479,0.25405,0.236,0.2379
1759939200000,0.25325,0.26109,0.24226,0.24476
1759852800000,0.25151,0.25678,0.24287,0.25323
1759766400000,0.2668,0.27042,0.2502,0.25151
1759680000000,0.25633,0.26833,0.25053,0.26684
1759593600000,0.24774,0.26515,0.24669,0.2563
1759507200000,0.2607,0.26539,0.24728,0.24773
1759420800000,0.25496,0.26412,0.25276,0.26067
1759334400000,0.2453,0.25969,0.24313,0.25495
1759248000000,0.228,0.24627,0.22739,0.24529
1759161600000,0.2338,0.23896,0.22628,0.22799
1759075200000,0.22983,0.23771,0.2286,0.23378
1758988800000,0.23025,0.23257,0.22501,0.22981
1758902400000,0.22727,0.2343,0.22713,0.23021
1758816000000,0.23107,0.2318,0.22042,0.22727
1758729600000,0.24556,0.24647,0.22523,0.23107
1758643200000,0.24069,0.25057,0.23088,0.24555
1758556800000,0.23951,0.24358,0.23402,0.24065
1758470400000,0.26564,0.26608,0.22888,0.23951
1758384000000,0.26882,0.26967,0.26354,0.26562
1758297600000,0.26669,0.26947,0.26273,0.26883
1758211200000,0.28662,0.2888,0.26424,0.26664
1758124800000,0.26538,0.28776,0.26002,0.28663
1758038400000,0.26631,0.27201,0.26237,0.26539
1757952000000,0.26415,0.27014,0.25693,0.26627
1757865600000,0.27384,0.28341,0.25841,0.26415
1757779200000,0.29697,0.30093,0.27265,0.27381
1757692800000,0.26635,0.3068,0.26497,0.29698
1757606400000,0.24694,0.2672,0.24692,0.26638
1757520000000,0.24366,0.25473,0.23834,0.24694
1757433600000,0.23824,0.2457,0.23615,0.24365
1757347200000,0.23833,0.24956,0.23355,0.23824
1757260800000,0.22368,0.23986,0.22024,0.23833
1757174400000,0.21391,0.22518,0.21227,0.22367
1757088000000,0.21424,0.22019,0.21333,0.21391
1757001600000,0.21233,0.22096,0.2105,0.21423
1756915200000,0.21887,0.22351,0.21162,0.21233
1756828800000,0.20935,0.21971,0.2093,0.21887
1756742400000,0.21338,0.21491,0.20469,0.20936
1756656000000,0.21856,0.21985,0.2082,0.21341
1756569600000,0.21602,0.22135,0.21445,0.21856
1756483200000,0.21327,0.21885,0.20982,0.21605
1756396800000,0.22121,0.22533,0.21167,0.2133
1756310400000,0.22169,0.22666,0.21668,0.22121
1756224000000,0.21269,0.2232,0.21247,0.22174
1756137600000,0.21853,0.22042,0.20585,0.21266
1756051200000,0.23127,0.24493,0.21696,0.21851
1755964800000,0.23645,0.23834,0.22822,0.23129
1755878400000,0.23008,0.24348,0.22883,0.23646
1755792000000,0.21551,0.23368,0.20825,0.23007
1755705600000,0.21504,0.2245,0.21449,0.2155
1755619200000,0.21444,0.218,0.20769,0.21505
1755532800000,0.22361,0.22693,0.21364,0.21441
1755446400000,0.24162,0.2426,0.21991,0.22361
1755360000000,0.22863,0.24241,0.228,0.24162
1755273600000,0.22235,0.23632,0.22,0.22865
1755187200000,0.22541,0.23298,0.21719,0.22236
1755100800000,0.24124,0.25572,0.21772,0.22541
1755014400000,0.2296,0.25059,0.22794,0.24122
1754928000000,0.23155,0.23381,0.2188,0.2296
1754841600000,0.23254,0.2418,0.22556,0.23154
1754755200000,0.24079,0.24675,0.22927,0.23257
1754668800000,0.22129,0.24455,0.22079,0.2408
1754582400000,0.21432,0.22944,0.21015,0.22128
1754496000000,0.20521,0.21606,0.2032,0.21433
1754409600000,0.19823,0.2057,0.19559,0.20522
1754323200000,0.20387,0.21126,0.19728,0.19826
1754236800000,0.19893,0.2063,0.19784,0.20388
1754150400000,0.19461,0.19952,0.18866,0.19895
1754064000000,0.2096,0.21251,0.19361,0.19458
1753977600000,0.21763,0.22137,0.20088,0.20961
1753891200000,0.2215,0.22564,0.20871,0.21763
1753804800000,0.22271,0.22653,0.21429,0.2215
1753718400000,0.23222,0.23393,0.22061,0.22272
1753632000000,0.23679,0.24862,0.23069,0.23225
1753545600000,0.23873,0.24333,0.23428,0.23677
1753459200000,0.22441,0.24013,0.22216,0.23872
1753372800000,0.2401,0.24156,0.22085,0.2244
1753286400000,0.24966,0.24966,0.22168,0.24009
1753200000000,0.26648,0.27118,0.24069,0.24968
1753113600000,0.28215,0.28761,0.25741,0.26649
1753027200000,0.25415,0.28608,0.25415,0.28216
1752940800000,0.24239,0.2577,0.23732,0.25409
1752854400000,0.23718,0.25794,0.22705,0.24237
1752768000000,0.21384,0.25421,0.20784,0.23717
1752681600000,0.20326,0.22068,0.20233,0.21384
1752595200000,0.19271,0.20677,0.19123,0.20326
1752508800000,0.19924,0.20161,0.18849,0.19269
1752422400000,0.2001,0.21083,0.19574,0.19924
1752336000000,0.19315,0.20409,0.19181,0.20009
1752249600000,0.20121,0.21366,0.19187,0.19316
1752163200000,0.1806,0.2094,0.1802,0.2012
1752076800000,0.17304,0.18676,0.17225,0.1806
1751990400000,0.16926,0.17478,0.16857,0.17302
1751904000000,0.16857,0.17193,0.16566,0.16925
1751817600000,0.17016,0.1772,0.16741,0.16857
1751731200000,0.16303,0.17516,0.16218,0.17014
1751644800000,0.16318,0.16507,0.16127,0.16302
1751558400000,0.16962,0.17295,0.16264,0.16321
1751472000000,0.16579,0.17538,0.16574,0.16963
1751385600000,0.15939,0.16597,0.15652,0.16579
1751299200000,0.16495,0.16793,0.15846,0.15936
1751212800000,0.16337,0.17004,0.16219,0.16495
1751126400000,0.16292,0.16516,0.16245,0.16339
1751040000000,0.16111,0.16344,0.15703,0.16292
1750953600000,0.16009,0.16374,0.15803,0.1611
1750867200000,0.16298,0.1681,0.15789,0.16012
1750780800000,0.16359,0.16768,0.16255,0.16297
1750694400000,0.15244,0.16764,0.14858,0.16356
1750608000000,0.14623,0.15658,0.14266,0.15244
1750521600000,0.16022,0.16097,0.14526,0.14623
1750435200000,0.16604,0.16618,0.1583,0.16023
1750348800000,0.1683,0.17196,0.16561,0.16602
1750262400000,0.16814,0.17203,0.16524,0.16829
1750176000000,0.16794,0.1722,0.16392,0.16814
1750089600000,0.17759,0.18116,0.1665,0.16794
1750003200000,0.17599,0.17946,0.17139,0.17755
1749916800000,0.17671,0.17867,0.17361,0.17596
1749830400000,0.17786,0.18046,0.17553,0.17671
1749744000000,0.18586,0.19011,0.16981,0.17786
1749657600000,0.20321,0.20407,0.18549,0.18586
1749571200000,0.19111,0.20666,0.18999,0.2032
1749484800000,0.18449,0.19753,0.18448,0.19111
1749398400000,0.18407,0.18744,0.1802,0.18448
1749312000000,0.18664,0.18732,0.1804,0.18407
1749225600000,0.18181,0.18867,0.17771,0.18666
1749139200000,0.18934,0.18944,0.168,0.18184
1749052800000,0.19285,0.19291,0.18697,0.18934
1748966400000,0.19736,0.19759,0.18969,0.19289
1748880000000,0.19187,0.20049,0.1889,0.19737
1748793600000,0.19182,0.19486,0.18842,0.19187
1748707200000,0.19177,0.19553,0.18639,0.19188
1748620800000,0.20209,0.20288,0.18549,0.19186
1748534400000,0.2197,0.22154,0.20053,0.20207
1748448000000,0.2184,0.22795,0.21685,0.21968
1748361600000,0.22873,0.23033,0.21766,0.21837
1748275200000,0.22702,0.2323,0.21963,0.2287
1748188800000,0.21854,0.23034,0.21647,0.22694
1748102400000,0.22776,0.229,0.21569,0.21853
1748016000000,0.23444,0.23696,0.223,0.22775
1747929600000,0.2414,0.25442,0.22719,0.23442
1747843200000,0.23185,0.24499,0.22263,0.24135
1747756800000,0.22062,0.23445,0.21783,0.23185
1747670400000,0.22124,0.23083,0.21766,0.22063
1747584000000,0.23663,0.23797,0.21381,0.22124
1747497600000,0.21504,0.23755,0.21061,0.23663
1747411200000,0.22898,0.23094,0.21176,0.21503
1747324800000,0.22525,0.23011,0.21362,0.22898
1747238400000,0.233,0.23684,0.21582,0.22526
1747152000000,0.23307,0.24759,0.22966,0.23298
1747065600000,0.23236,0.2369,0.21726,0.23305
1746979200000,0.22695,0.25349,0.22204,0.23237
1746892800000,0.227,0.25976,0.22504,0.22694
1746806400000,0.20425,0.23087,0.201,0.22697
1746720000000,0.1894,0.21453,0.18921,0.20422
1746633600000,0.17083,0.19133,0.169,0.1894
1746547200000,0.16668,0.17446,0.16561,0.17083
1746460800000,0.16899,0.1726,0.16424,0.16666
1746374400000,0.17374,0.17466,0.16838,0.16898
1746288000000,0.17855,0.17858,0.17231,0.17376
1746201600000,0.1815,0.18414,0.17738,0.17853
1746115200000,0.18063,0.1845,0.17916,0.18146
1746028800000,0.16977,0.18256,0.1688,0.18064
1745942400000,0.17815,0.18063,0.16673,0.16977
1745856000000,0.1758,0.18075,0.17403,0.17813
1745769600000,0.18013,0.18276,0.17371,0.1758
1745683200000,0.1825,0.18354,0.17651,0.18008
1745596800000,0.1827,0.193,0.18008,0.18249
1745510400000,0.17848,0.18619,0.17749,0.18268
1745424000000,0.1785,0.18174,0.16981,0.17845
1745337600000,0.17194,0.18545,0.16993,0.17848
1745251200000,0.1605,0.1733,0.1558,0.17192
1745164800000,0.15285,0.16362,0.15248,0.16051
1745078400000,0.15781,0.15957,0.1521,0.15287
1744992000000,0.15635,0.16092,0.15606,0.15782
1744905600000,0.15525,0.15947,0.15356,0.15635
1744819200000,0.15517,0.15786,0.15022,0.15525
1744732800000,0.15585,0.15706,0.15138,0.15515
1744646400000,0.1603,0.16163,0.15464,0.15583
1744560000000,0.16231,0.1697,0.15946,0.1603
1744473600000,0.16744,0.16949,0.161,0.16235
1744387200000,0.15866,0.16877,0.15768,0.16745
1744300800000,0.14962,0.16009,0.14881,0.15865
1744214400000,0.14616,0.16426,0.14582,0.14961
1744128000000,0.15084,0.15116,0.1365,0.14618
1744041600000,0.14701,0.15707,0.14387,0.15086
1743955200000,0.16179,0.16179,0.12988,0.14701
1743868800000,0.16723,0.17006,0.1596,0.16178
1743782400000,0.16758,0.17285,0.16609,0.16725
1743696000000,0.15841,0.17162,0.15706,0.16755
1743609600000,0.17619,0.18026,0.15536,0.1584
1743523200000,0.17495,0.17813,0.16775,0.17621
1743436800000,0.16708,0.17565,0.16408,0.17494
1743350400000,0.1686,0.17122,0.16007,0.16705
1743264000000,0.16987,0.17243,0.16581,0.16859
1743177600000,0.17953,0.18257,0.16842,0.16984
1743091200000,0.1921,0.19338,0.17791,0.17948
1743004800000,0.1962,0.20063,0.18908,0.19211
1742918400000,0.19078,0.20584,0.18862,0.19621
1742832000000,0.18346,0.19363,0.18043,0.19074
1742745600000,0.172,0.18476,0.16966,0.18344
1742659200000,0.16806,0.17236,0.1666,0.172
1742572800000,0.16553,0.16977,0.16508,0.16806
1742486400000,0.1697,0.17166,0.16469,0.16553
1742400000000,0.17346,0.17916,0.16841,0.16973
1742313600000,0.1637,0.17408,0.16282,0.17345
1742227200000,0.17218,0.17622,0.16271,0.1637
1742140800000,0.16819,0.1749,0.16655,0.1722
1742054400000,0.17682,0.17789,0.16564,0.16819
1741968000000,0.17338,0.1777,0.16927,0.17681
1741881600000,0.16603,0.17623,0.16173,0.17338
1741795200000,0.16523,0.17298,0.16477,0.16602
1741708800000,0.16118,0.17441,0.15866,0.16528
1741622400000,0.16719,0.16785,0.14266,0.1612
1741536000000,0.17737,0.181,0.16405,0.1672
1741449600000,0.19469,0.19554,0.17601,0.17739
1741363200000,0.20488,0.20724,0.19301,0.19469
1741276800000,0.20674,0.20874,0.19021,0.20497
1741190400000,0.19984,0.21999,0.19781,0.20671
1741104000000,0.19298,0.20664,0.18272,0.19988
1741017600000,0.21524,0.21782,0.18525,0.19296
1740931200000,0.21088,0.24227,0.21052,0.21517
1740844800000,0.20211,0.21884,0.20095,0.21089
1740758400000,0.19752,0.20898,0.1956,0.20207
1740672000000,0.20912,0.21104,0.18152,0.19751
1740585600000,0.20989,0.21161,0.19608,0.20915
1740499200000,0.20348,0.21464,0.2,0.20986
1740412800000,0.2255,0.22831,0.1956,0.20342
1740326400000,0.24074,0.24399,0.22233,0.22547
1740240000000,0.24564,0.24783,0.2404,0.24075
1740153600000,0.25238,0.25537,0.2344,0.24564
1740067200000,0.25098,0.26122,0.24946,0.25237
1739980800000,0.25238,0.25755,0.25025,0.25092
1739894400000,0.24689,0.25541,0.2421,0.25239
1739808000000,0.2603,0.26176,0.24477,0.24683
1739721600000,0.26766,0.26888,0.25841,0.26038
1739635200000,0.27532,0.27622,0.2648,0.26765
1739548800000,0.27224,0.28696,0.26758,0.27534
1739462400000,0.25741,0.27586,0.2541,0.27223
1739376000000,0.25443,0.26737,0.25068,0.25742
1739289600000,0.25919,0.2605,0.24641,0.25443
1739203200000,0.25142,0.27,0.25107,0.25919
1739116800000,0.25328,0.25549,0.23976,0.25136
1739030400000,0.24864,0.26001,0.2474,0.25328
1738944000000,0.25457,0.25534,0.23865,0.24865
