1738857600000,0.24926,0.26161,0.24272,0.25455
1738771200000,0.26326,0.26596,0.24749,0.2493
1738684800000,0.26881,0.27642,0.25513,0.26324
1738598400000,0.26835,0.29291,0.25619,0.26878
1738512000000,0.2947,0.29485,0.2,0.26834
1738425600000,0.32206,0.32345,0.28845,0.2947
1738339200000,0.33949,0.341,0.31975,0.32206
1738252800000,0.33646,0.3418,0.32567,0.33955
1738166400000,0.32435,0.33879,0.31666,0.33644
1738080000000,0.33322,0.33373,0.315,0.32434
1737993600000,0.32631,0.33916,0.31718,0.33321
1737907200000,0.35104,0.35415,0.305,0.32629
1737820800000,0.35624,0.35999,0.3489,0.35104
1737734400000,0.35996,0.36166,0.34536,0.35627
1737648000000,0.35405,0.36468,0.34136,0.35995
1737561600000,0.3604,0.37375,0.34419,0.35402
1737475200000,0.37967,0.38666,0.35817,0.36039
1737388800000,0.36779,0.402,0.33573,0.37967
1737302400000,0.38806,0.39978,0.34473,0.36772
1737216000000,0.39752,0.40999,0.35875,0.38811
1737129600000,0.41299,0.43426,0.38308,0.39745
1737043200000,0.38155,0.41929,0.3742,0.41297
1736956800000,0.3711,0.38786,0.36774,0.38157
1736870400000,0.35302,0.37817,0.34818,0.37107
1736784000000,0.32466,0.35563,0.31862,0.35302
1736697600000,0.34047,0.34617,0.30958,0.3247
1736611200000,0.33483,0.34821,0.33284,0.34041
1736524800000,0.3284,0.33984,0.32435,0.33482
1736438400000,0.3331,0.3396,0.31423,0.32836
1736352000000,0.34639,0.34686,0.31766,0.33307
1736265600000,0.36399,0.3695,0.33901,0.34634
1736179200000,0.38951,0.39833,0.35684,0.3639
1736092800000,0.38363,0.39338,0.37575,0.38948
1736006400000,0.3794,0.39875,0.37522,0.38359
1735920000000,0.36611,0.39524,0.36448,0.37943
1735833600000,0.337,0.36912,0.334,0.36611
1735747200000,0.32041,0.34499,0.31715,0.33696
1735660800000,0.32763,0.32803,0.31201,0.3204
1735574400000,0.31092,0.3291,0.30726,0.32761
1735488000000,0.31979,0.3233,0.30668,0.31096
1735401600000,0.31876,0.32972,0.31868,0.31978
1735315200000,0.31196,0.32193,0.30965,0.3188
1735228800000,0.31451,0.325,0.30846,0.31198
1735142400000,0.33066,0.33804,0.31271,0.31453
1735056000000,0.33652,0.34228,0.32768,0.33059
1734969600000,0.30532,0.34059,0.30478,0.33645
1734883200000,0.31294,0.32249,0.30278,0.30537
1734796800000,0.32704,0.32964,0.30554,0.31289
1734710400000,0.30465,0.35,0.30231,0.32702
1734624000000,0.35204,0.35325,0.26187,0.30465
1734537600000,0.38431,0.3902,0.34032,0.35201
1734451200000,0.39872,0.40377,0.37832,0.38431
1734364800000,0.40024,0.41381,0.39546,0.39875
1734278400000,0.40292,0.41525,0.39239,0.40024
1734192000000,0.39724,0.40484,0.38712,0.40292
1734105600000,0.40294,0.41409,0.39313,0.39724
1734019200000,0.41504,0.41833,0.39913,0.40293
1733932800000,0.41302,0.424,0.405,0.41501
1733846400000,0.37301,0.41994,0.365,0.413
1733760000000,0.43394,0.44054,0.37,0.37297
1733673600000,0.46096,0.46852,0.4252,0.43391
1733587200000,0.45272,0.48432,0.44616,0.46091
1733500800000,0.43237,0.45538,0.43058,0.45272
1733414400000,0.43903,0.44591,0.41261,0.43237
1733328000000,0.41307,0.465,0.40003,0.43901
1733241600000,0.40614,0.42341,0.39951,0.41301
1733155200000,0.43344,0.43866,0.388,0.40617
1733068800000,0.42822,0.4633,0.4,0.43344
1732982400000,0.42282,0.437,0.41645,0.4282
1732896000000,0.41823,0.43748,0.41373,0.42282
1732809600000,0.3927,0.42488,0.3927,0.41821
1732723200000,0.40118,0.429,0.39112,0.39278
1732636800000,0.37927,0.40398,0.37025,0.40115
1732550400000,0.4143,0.42453,0.3647,0.3793
1732464000000,0.40168,0.4375,0.395,0.41425
1732377600000,0.45491,0.45837,0.39952,0.40169
1732291200000,0.40345,0.48,0.39482,0.45491
1732204800000,0.38044,0.417,0.3787,0.40344
1732118400000,0.39263,0.39566,0.36468,0.38044
1732032000000,0.39477,0.4199,0.37615,0.39265
1731945600000,0.37779,0.4057,0.36244,0.39475
1731859200000,0.36337,0.38073,0.35176,0.37779
1731772800000,0.3657,0.3758,0.33954,0.36329
1731686400000,0.35687,0.3915,0.35422,0.36571
1731600000000,0.38388,0.40066,0.3522,0.35689
1731513600000,0.41992,0.427,0.37076,0.38395
1731427200000,0.37209,0.43371,0.34947,0.41993
1731340800000,0.30978,0.439,0.30912,0.37204
1731254400000,0.24706,0.31321,0.24437,0.30981
1731168000000,0.20547,0.24933,0.20113,0.24705
1731081600000,0.19705,0.21269,0.19001,0.20547
1730995200000,0.19425,0.202,0.19,0.19705
1730908800000,0.19173,0.20449,0.185,0.19423
1730822400000,0.17463,0.2195,0.16534,0.19168
1730736000000,0.15819,0.17982,0.15175,0.17457
1730649600000,0.14581,0.15986,0.1436,0.15818
1730563200000,0.15703,0.16028,0.14203,0.14582
1730476800000,0.15939,0.16375,0.15536,0.157
1730390400000,0.16607,0.16898,0.15415,0.15941
1730304000000,0.16534,0.1736,0.16432,0.16607
1730217600000,0.17277,0.17974,0.16443,0.16531
1730131200000,0.14793,0.17316,0.14784,0.17278
1730044800000,0.14099,0.15126,0.14035,0.14794
1729958400000,0.1335,0.1411,0.13329,0.14098
1729872000000,0.13642,0.1372,0.12757,0.13351
1729785600000,0.14057,0.1438,0.1358,0.13643
1729699200000,0.13937,0.1435,0.13313,0.14059
1729612800000,0.13949,0.14138,0.13602,0.13936
1729526400000,0.14071,0.14844,0.13804,0.1395
1729440000000,0.13843,0.14971,0.13839,0.14071
1729353600000,0.14391,0.14695,0.13699,0.13846
1729267200000,0.13763,0.14795,0.136,0.14389
1729180800000,0.12283,0.13831,0.12062,0.13763
1729094400000,0.12616,0.12995,0.12051,0.12283
1729008000000,0.11294,0.12851,0.11243,0.12613
1728921600000,0.11566,0.11936,0.11015,0.1129
1728835200000,0.10954,0.11682,0.10891,0.11567
1728748800000,0.1114,0.11219,0.10864,0.10955
1728662400000,0.10991,0.1122,0.10925,0.11138
1728576000000,0.1054,0.1105,0.10306,0.1099
1728489600000,0.11061,0.11079,0.10444,0.10541
1728403200000,0.10646,0.1115,0.10593,0.11062
1728316800000,0.11187,0.11306,0.10524,0.10646
1728230400000,0.11215,0.11547,0.10963,0.11187
1728144000000,0.10975,0.1129,0.10763,0.11217
1728057600000,0.10825,0.11058,0.10744,0.10974
1727971200000,0.10402,0.11033,0.10184,0.10824
1727884800000,0.10621,0.10768,0.10103,0.10403
1727798400000,0.11066,0.11142,0.10248,0.10624
1727712000000,0.11712,0.11934,0.10775,0.11065
1727625600000,0.12609,0.12897,0.11684,0.11709
1727539200000,0.13095,0.13207,0.12456,0.12611
1727452800000,0.12694,0.13205,0.12012,0.13096
1727366400000,0.11671,0.12874,0.11546,0.12693
1727280000000,0.10887,0.11727,0.107,0.11668
1727193600000,0.10753,0.11117,0.10682,0.10886
1727107200000,0.10724,0.1102,0.10617,0.1075
1727020800000,0.10569,0.10919,0.10375,0.10724
1726934400000,0.10928,0.1105,0.10527,0.10571
1726848000000,0.10523,0.10967,0.10375,0.1093
1726761600000,0.10499,0.10748,0.10359,0.10521
1726675200000,0.1,0.10558,0.09947,0.10499
1726588800000,0.10227,0.10247,0.09933,0.10002
1726502400000,0.0999,0.10274,0.09837,0.10226
1726416000000,0.10618,0.10633,0.09913,0.09989
1726329600000,0.10556,0.10642,0.10431,0.10617
1726243200000,0.10797,0.10804,0.10485,0.10556
1726156800000,0.10064,0.10845,0.10064,0.10798
1726070400000,0.09996,0.10312,0.09988,0.10068
1725984000000,0.10165,0.1035,0.09785,0.09999
1725897600000,0.09889,0.10497,0.09885,0.10165
1725811200000,0.09437,0.09899,0.0938,0.09887
1725724800000,0.09547,0.09699,0.09412,0.09436
1725638400000,0.09371,0.0957,0.08893,0.09546
1725552000000,0.09691,0.09944,0.09268,0.09372
1725465600000,0.0985,0.0995,0.09596,0.0969
1725379200000,0.09692,0.09874,0.09188,0.09852
1725292800000,0.09736,0.10077,0.0967,0.09692
1725206400000,0.09855,0.09951,0.09391,0.09736
1725120000000,0.10163,0.10232,0.09725,0.09859
1725033600000,0.09851,0.10308,0.097,0.10161
1724947200000,0.10197,0.10249,0.09806,0.09848
1724860800000,0.09954,0.10257,0.0968,0.10197
1724774400000,0.10391,0.10506,0.09629,0.09953
1724688000000,0.10703,0.10757,0.10321,0.10392
1724601600000,0.11023,0.11123,0.10617,0.10705
1724515200000,0.11216,0.11498,0.1078,0.11021
1724428800000,0.10985,0.11546,0.1096,0.11216
1724342400000,0.10518,0.11099,0.10474,0.10988
1724256000000,0.10376,0.10799,0.10346,0.10517
1724169600000,0.10219,0.10489,0.10189,0.10376
1724083200000,0.09989,0.10573,0.09936,0.1022
1723996800000,0.10328,0.1037,0.09861,0.0999
1723910400000,0.10212,0.10448,0.10177,0.10326
1723824000000,0.09833,0.10255,0.0981,0.10211
1723737600000,0.10431,0.10467,0.09744,0.09835
1723651200000,0.10325,0.10496,0.10151,0.10432
1723564800000,0.10517,0.10757,0.1014,0.10325
1723478400000,0.10714,0.10904,0.10334,0.10519
1723392000000,0.10464,0.10816,0.10006,0.10715
1723305600000,0.10428,0.11098,0.10402,0.10466
1723219200000,0.1017,0.10559,0.10165,0.10427
1723132800000,0.10373,0.10799,0.10161,0.1017
1723046400000,0.0981,0.10393,0.09351,0.10371
1722960000000,0.09766,0.10205,0.09514,0.09811
1722873600000,0.09523,0.10151,0.09272,0.09765
1722787200000,0.10325,0.10604,0.08046,0.09527
1722700800000,0.11056,0.11134,0.10294,0.1032
1722614400000,0.11328,0.11472,0.10827,0.11056
1722528000000,0.11595,0.12,0.1102,0.11331
1722441600000,0.12622,0.12718,0.11522,0.11594
1722355200000,0.12731,0.12817,0.12315,0.12621
1722268800000,0.12997,0.13068,0.12635,0.12731
1722182400000,0.1295,0.13511,0.12863,0.12997
1722096000000,0.13458,0.13823,0.12811,0.12946
1722009600000,0.13019,0.13876,0.12995,0.13458
1721923200000,0.12411,0.13101,0.12007,0.13019
1721836800000,0.13159,0.13279,0.12164,0.1241
1721750400000,0.13194,0.13479,0.12806,0.13159
1721664000000,0.13977,0.14236,0.1297,0.13195
1721577600000,0.13152,0.144,0.12575,0.13978
1721491200000,0.1348,0.13579,0.12964,0.13154
1721404800000,0.12328,0.13496,0.12327,0.1348
1721318400000,0.11802,0.12337,0.11714,0.12329
1721232000000,0.12295,0.12393,0.11788,0.11802
1721145600000,0.12565,0.12784,0.12269,0.12293
1721059200000,0.11867,0.12786,0.11824,0.12565
1720972800000,0.11278,0.11979,0.11228,0.11868
1720886400000,0.11075,0.11461,0.1098,0.11276
1720800000000,0.10729,0.1111,0.10625,0.11074
1720713600000,0.10735,0.10851,0.10474,0.10727
1720627200000,0.1094,0.11246,0.10635,0.10735
1720540800000,0.10784,0.11046,0.10574,0.10943
1720454400000,0.10548,0.10953,0.1048,0.10784
1720368000000,0.10684,0.11153,0.09871,0.10548
1720281600000,0.10925,0.11417,0.10503,0.1068
1720195200000,0.10344,0.11017,0.10251,0.10922
1720108800000,0.10981,0.10986,0.09119,0.1034
1720022400000,0.11826,0.11931,0.10526,0.10983
1719936000000,0.1229,0.12554,0.11753,0.11827
1719849600000,0.12471,0.12623,0.12248,0.12288
1719763200000,0.12286,0.12755,0.12225,0.12471
1719676800000,0.12371,0.12375,0.12051,0.12284
1719590400000,0.12558,0.1267,0.12216,0.1237
1719504000000,0.12369,0.12869,0.12315,0.12559
1719417600000,0.12385,0.12643,0.12066,0.12365
1719331200000,0.12708,0.1287,0.12302,0.1238
1719244800000,0.117,0.12783,0.11407,0.12707
1719158400000,0.12273,0.12638,0.11335,0.11701
1719072000000,0.12513,0.12552,0.12236,0.12271
1718985600000,0.12281,0.12555,0.12204,0.12512
1718899200000,0.12264,0.12573,0.12136,0.1228
1718812800000,0.12214,0.129,0.12145,0.12262
1718726400000,0.11937,0.12674,0.11818,0.12214
1718640000000,0.1296,0.13395,0.11291,0.11938
1718553600000,0.13696,0.13821,0.1284,0.12959
1718467200000,0.13688,0.13713,0.13465,0.13695
1718380800000,0.13941,0.13963,0.1313,0.13688
1718294400000,0.14107,0.14341,0.13868,0.13942
1718208000000,0.14945,0.1507,0.14029,0.14109
1718121600000,0.13677,0.14995,0.13362,0.14945
1718035200000,0.14706,0.14726,0.13525,0.13677
1717948800000,0.14685,0.14918,0.14326,0.14708
1717862400000,0.14633,0.14755,0.14432,0.14684
1717776000000,0.16001,0.1605,0.1363,0.14632
1717689600000,0.16303,0.16334,0.15829,0.16001
1717603200000,0.16346,0.16572,0.1615,0.16304
1717516800000,0.16028,0.16482,0.15942,0.16347
1717430400000,0.16135,0.16146,0.1571,0.16027
1717344000000,0.15877,0.16343,0.15469,0.16134
1717257600000,0.16005,0.16143,0.157,0.15877
1717171200000,0.15671,0.16179,0.1543,0.16005
1717084800000,0.16398,0.16475,0.15666,0.15671
1716998400000,0.1638,0.16694,0.15646,0.16398
1716912000000,0.16393,0.17089,0.16155,0.1638
1716825600000,0.17243,0.17279,0.16211,0.16393
1716739200000,0.16739,0.17351,0.16414,0.17242
1716652800000,0.16687,0.17488,0.16596,0.16738
1716566400000,0.16659,0.16973,0.16254,0.16691
1716480000000,0.15948,0.17327,0.1515,0.16658
1716393600000,0.16972,0.17001,0.1561,0.15949
1716307200000,0.16616,0.17456,0.16172,0.16971
1716220800000,0.15235,0.17326,0.15168,0.1662
1716134400000,0.15041,0.15332,0.14739,0.15234
1716048000000,0.15288,0.15603,0.149,0.15041
1715961600000,0.15557,0.15694,0.15124,0.15289
1715875200000,0.15152,0.15629,0.14868,0.15558
1715788800000,0.15124,0.15928,0.14944,0.15152
1715702400000,0.14814,0.15433,0.14429,0.15123
1715616000000,0.15242,0.15763,0.14616,0.14816
1715529600000,0.14315,0.1538,0.13569,0.1524
1715443200000,0.14454,0.14528,0.13894,0.14311
1715356800000,0.14497,0.14628,0.14216,0.14454
1715270400000,0.14892,0.15416,0.1435,0.14497
1715184000000,0.14853,0.15075,0.14208,0.14892
1715097600000,0.15641,0.15715,0.14612,0.14853
1715011200000,0.15819,0.15993,0.15322,0.15642
1714924800000,0.16193,0.16949,0.1549,0.15819
1714838400000,0.16332,0.1638,0.15455,0.16192
1714752000000,0.13885,0.17014,0.13884,0.16331
1714665600000,0.13344,0.13972,0.13101,0.13883
1714579200000,0.12097,0.13426,0.1203,0.13342
1714492800000,0.13439,0.13457,0.12,0.12097
1714406400000,0.14324,0.14602,0.13219,0.13441
1714320000000,0.14993,0.15109,0.13963,0.14323
1714233600000,0.14561,0.15091,0.14542,0.14993
1714147200000,0.14824,0.15024,0.14215,0.14562
1714060800000,0.15148,0.15442,0.14686,0.14817
1713974400000,0.15274,0.15567,0.14742,0.1515
1713888000000,0.16116,0.16458,0.15237,0.15278
1713801600000,0.15857,0.16298,0.15683,0.16116
1713715200000,0.16019,0.16342,0.15506,0.15855
1713628800000,0.15798,0.16585,0.15659,0.16019
1713542400000,0.15258,0.15845,0.15011,0.15798
1713456000000,0.15058,0.15577,0.13874,0.15254
1713369600000,0.14596,0.15354,0.14089,0.15057
1713283200000,0.14791,0.15873,0.1443,0.14599
1713196800000,0.1545,0.16495,0.14727,0.1479
1713110400000,0.15112,0.169,0.14547,0.1545
1713024000000,0.17059,0.17154,0.126,0.15104
