1764777600000,2.301,2.398,2.285,2.329
1764691200000,2.247,2.332,2.224,2.301
1764604800000,1.998,2.252,1.978,2.245
1764518400000,2.262,2.288,1.962,1.998
1764432000000,2.272,2.293,2.228,2.261
1764345600000,2.352,2.352,2.248,2.271
1764259200000,2.349,2.391,2.292,2.351
1764172800000,2.262,2.371,2.261,2.348
1764086400000,2.223,2.318,2.218,2.261
1764000000000,2.301,2.396,2.175,2.223
1763913600000,2.327,2.339,2.244,2.3
1763827200000,2.289,2.37,2.279,2.327
1763740800000,2.358,2.435,2.258,2.29
1763654400000,2.725,2.726,2.271,2.358
1763568000000,2.644,2.821,2.568,2.723
1763481600000,2.749,2.803,2.642,2.645
1763395200000,2.774,2.798,2.615,2.75
1763308800000,2.776,2.867,2.695,2.773
1763222400000,2.868,2.897,2.77,2.775
1763136000000,2.86,2.951,2.773,2.869
1763049600000,2.971,2.982,2.75,2.857
1762963200000,2.963,3.045,2.876,2.972
1762876800000,3.189,3.222,2.949,2.963
1762790400000,3.171,3.386,3.127,3.19
1762704000000,3.24,3.316,3.158,3.169
1762617600000,3.126,3.309,3.038,3.238
1762531200000,2.891,3.53,2.879,3.126
1762444800000,2.576,2.909,2.532,2.891
1762358400000,2.634,2.682,2.559,2.575
1762272000000,2.601,2.634,2.343,2.634
1762185600000,2.584,2.668,2.505,2.601
1762099200000,2.908,2.996,2.485,2.583
1762012800000,2.951,3.016,2.901,2.907
1761926400000,2.901,2.956,2.826,2.95
1761840000000,2.863,2.925,2.781,2.9
1761753600000,3.062,3.177,2.852,2.863
1761667200000,3.136,3.168,2.99,3.062
1761580800000,3.153,3.215,3.09,3.136
1761494400000,3.181,3.248,3.118,3.152
1761408000000,3.066,3.186,3.057,3.183
1761321600000,3.03,3.093,3.014,3.064
1761235200000,2.996,3.122,2.958,3.029
1761148800000,2.991,3.009,2.829,2.995
1761062400000,3.172,3.188,2.92,2.99
1760976000000,3.087,3.184,2.949,3.171
1760889600000,3.033,3.133,2.949,3.089
1760803200000,2.921,3.044,2.886,3.03
1760716800000,2.923,2.97,2.886,2.921
1760630400000,3.058,3.129,2.772,2.923
1760544000000,3.145,3.205,3.045,3.059
1760457600000,3.238,3.343,3.121,3.145
1760371200000,3.32,3.445,3.067,3.237
1760284800000,3.201,3.365,3.195,3.318
1760198400000,3.14,3.211,2.896,3.202
1760112000000,4.058,4.089,0.964,3.141
1760025600000,4.004,4.292,3.964,4.059
1759939200000,4.137,4.242,3.981,4.006
1759852800000,4.156,4.211,4.064,4.138
1759766400000,4.378,4.434,4.13,4.155
1759680000000,4.242,4.443,4.079,4.377
1759593600000,4.153,4.375,4.135,4.243
1759507200000,4.32,4.384,4.14,4.152
1759420800000,4.241,4.339,4.179,4.319
1759334400000,4.075,4.318,4.047,4.24
1759248000000,3.837,4.11,3.808,4.074
1759161600000,3.958,4.023,3.81,3.838
1759075200000,3.866,4.029,3.86,3.958
1758988800000,3.897,3.917,3.793,3.866
1758902400000,3.899,3.97,3.849,3.896
1758816000000,3.933,3.94,3.772,3.901
1758729600000,4.062,4.071,3.829,3.933
1758643200000,4.033,4.114,3.89,4.062
1758556800000,3.977,4.059,3.931,4.032
1758470400000,4.282,4.302,3.802,3.977
1758384000000,4.404,4.423,4.275,4.282
1758297600000,4.442,4.461,4.289,4.403
1758211200000,4.548,4.88,4.412,4.441
1758124800000,4.166,4.58,4.137,4.548
1758038400000,4.228,4.297,4.156,4.168
1757952000000,4.143,4.253,4.104,4.227
1757865600000,4.327,4.403,4.116,4.145
1757779200000,4.511,4.54,4.278,4.326
1757692800000,4.197,4.626,4.196,4.509
1757606400000,4.164,4.279,4.152,4.196
1757520000000,4.175,4.257,4.128,4.164
1757433600000,4.07,4.208,4.03,4.172
1757347200000,4.07,4.188,4.003,4.07
1757260800000,3.969,4.079,3.952,4.07
1757174400000,3.793,4.09,3.781,3.969
1757088000000,3.81,3.885,3.788,3.793
1757001600000,3.757,3.894,3.724,3.807
1756915200000,3.892,3.903,3.742,3.758
1756828800000,3.734,3.905,3.734,3.892
1756742400000,3.732,3.817,3.614,3.732
1756656000000,3.818,3.888,3.657,3.732
1756569600000,3.787,3.875,3.758,3.818
1756483200000,3.772,3.826,3.713,3.788
1756396800000,3.957,4.005,3.749,3.771
1756310400000,3.913,4.019,3.808,3.957
1756224000000,3.816,3.933,3.806,3.913
1756137600000,3.87,3.896,3.69,3.815
1756051200000,4.063,4.283,3.852,3.87
1755964800000,4.158,4.265,4.013,4.062
1755878400000,3.959,4.205,3.959,4.156
1755792000000,3.795,4.003,3.686,3.959
1755705600000,3.821,3.921,3.783,3.796
1755619200000,3.774,3.865,3.694,3.821
1755532800000,3.918,3.974,3.77,3.774
1755446400000,4.171,4.194,3.832,3.919
1755360000000,3.983,4.171,3.927,4.171
1755273600000,3.86,3.997,3.818,3.981
1755187200000,4.024,4.104,3.831,3.86
1755100800000,4.222,4.369,3.913,4.027
1755014400000,4.095,4.318,4.072,4.218
1754928000000,3.963,4.097,3.817,4.094
1754841600000,4.055,4.159,3.885,3.963
1754755200000,4.077,4.182,3.964,4.056
1754668800000,3.884,4.146,3.881,4.075
1754582400000,3.766,3.965,3.691,3.884
1754496000000,3.679,3.805,3.643,3.766
1754409600000,3.577,3.682,3.538,3.679
1754323200000,3.693,3.758,3.561,3.578
1754236800000,3.59,3.71,3.572,3.693
1754150400000,3.497,3.618,3.427,3.589
1754064000000,3.644,3.672,3.445,3.496
1753977600000,3.79,3.871,3.544,3.645
1753891200000,3.821,3.921,3.626,3.788
1753804800000,3.916,3.923,3.734,3.82
1753718400000,4.072,4.093,3.891,3.917
1753632000000,4.17,4.31,4.049,4.071
1753545600000,4.143,4.206,4.103,4.169
1753459200000,3.954,4.144,3.931,4.142
1753372800000,4.085,4.112,3.864,3.954
1753286400000,4.24,4.241,3.894,4.084
1753200000000,4.421,4.552,4.121,4.241
1753113600000,4.596,4.598,4.278,4.42
1753027200000,4.54,4.674,4.381,4.594
1752940800000,4.221,4.553,4.202,4.538
1752854400000,4.293,4.358,4.131,4.222
1752768000000,4.188,4.623,4.074,4.293
1752681600000,4.133,4.277,4.066,4.188
1752595200000,3.947,4.186,3.936,4.133
1752508800000,4.002,4.037,3.801,3.945
1752422400000,4.011,4.196,3.939,4.001
1752336000000,3.824,4.069,3.808,4.01
1752249600000,3.977,4.084,3.794,3.824
1752163200000,3.631,4.109,3.623,3.974
1752076800000,3.526,3.698,3.5,3.63
1751990400000,3.373,3.566,3.36,3.524
1751904000000,3.394,3.417,3.323,3.371
1751817600000,3.391,3.449,3.358,3.391
1751731200000,3.346,3.424,3.308,3.391
1751644800000,3.352,3.395,3.314,3.345
1751558400000,3.506,3.567,3.35,3.352
1751472000000,3.432,3.664,3.432,3.505
1751385600000,3.334,3.433,3.243,3.432
1751299200000,3.396,3.465,3.31,3.334
1751212800000,3.4,3.581,3.351,3.396
1751126400000,3.376,3.442,3.366,3.4
1751040000000,3.358,3.396,3.294,3.374
1750953600000,3.313,3.377,3.275,3.356
1750867200000,3.361,3.434,3.271,3.315
1750780800000,3.45,3.523,3.352,3.362
1750694400000,3.209,3.486,3.112,3.448
1750608000000,3.171,3.3,3.016,3.207
1750521600000,3.41,3.424,3.127,3.174
1750435200000,3.474,3.509,3.332,3.411
1750348800000,3.528,3.58,3.459,3.475
1750262400000,3.636,3.675,3.526,3.528
1750176000000,3.726,3.785,3.587,3.638
1750089600000,3.938,3.992,3.7,3.726
1750003200000,3.806,3.961,3.734,3.936
1749916800000,3.762,3.835,3.717,3.803
1749830400000,3.825,3.858,3.748,3.765
1749744000000,4.026,4.096,3.663,3.823
1749657600000,4.334,4.341,4.003,4.025
1749571200000,4.24,4.346,4.212,4.334
1749484800000,4.022,4.311,4.022,4.238
1749398400000,4.078,4.113,3.962,4.022
1749312000000,4.04,4.099,3.977,4.077
1749225600000,3.967,4.057,3.868,4.04
1749139200000,4.019,4.021,3.742,3.969
1749052800000,4.108,4.108,3.962,4.02
1748966400000,4.185,4.214,4.039,4.108
1748880000000,4.035,4.221,4.012,4.182
1748793600000,4.05,4.089,3.952,4.033
1748707200000,4.079,4.118,3.971,4.047
1748620800000,4.177,4.196,3.895,4.079
1748534400000,4.498,4.52,4.101,4.177
1748448000000,4.491,4.682,4.418,4.498
1748361600000,4.585,4.662,4.473,4.489
1748275200000,4.528,4.62,4.371,4.582
1748188800000,4.413,4.617,4.369,4.527
1748102400000,4.57,4.612,4.351,4.411
1748016000000,4.715,4.769,4.531,4.569
1747929600000,4.933,5.119,4.599,4.714
1747843200000,4.761,4.977,4.61,4.93
1747756800000,4.602,4.777,4.525,4.76
1747670400000,4.559,4.728,4.52,4.601
1747584000000,4.911,4.919,4.413,4.561
1747497600000,4.662,4.92,4.556,4.91
1747411200000,4.908,4.927,4.605,4.662
1747324800000,4.838,4.957,4.677,4.909
1747238400000,5.021,5.044,4.685,4.838
1747152000000,5.045,5.274,4.973,5.022
1747065600000,5.105,5.184,4.822,5.045
1746979200000,5.052,5.394,4.987,5.103
1746892800000,5.004,5.364,4.952,5.055
1746806400000,4.73,5.209,4.693,5.003
1746720000000,4.299,4.762,4.278,4.732
1746633600000,3.923,4.349,3.88,4.298
1746547200000,3.909,4.007,3.847,3.922
1746460800000,3.897,3.985,3.823,3.91
1746374400000,3.962,4.021,3.888,3.897
1746288000000,4.115,4.115,3.923,3.963
1746201600000,4.205,4.231,4.075,4.113
1746115200000,4.157,4.289,4.142,4.203
1746028800000,4.076,4.216,4.038,4.159
1745942400000,4.274,4.283,4.028,4.077
1745856000000,4.113,4.331,4.089,4.273
1745769600000,4.094,4.266,4.011,4.113
1745683200000,4.285,4.302,4.074,4.094
1745596800000,4.305,4.365,4.202,4.284
1745510400000,4.128,4.373,4.12,4.305
1745424000000,4.079,4.17,3.931,4.126
1745337600000,3.865,4.199,3.853,4.079
1745251200000,3.885,3.931,3.691,3.865
1745164800000,3.863,3.983,3.857,3.885
1745078400000,3.73,3.952,3.716,3.862
1744992000000,3.686,3.752,3.646,3.732
1744905600000,3.641,3.748,3.606,3.688
1744819200000,3.557,3.698,3.469,3.639
1744732800000,3.604,3.62,3.485,3.556
1744646400000,3.706,3.765,3.579,3.603
1744560000000,3.703,3.816,3.616,3.708
1744473600000,3.726,3.768,3.626,3.705
1744387200000,3.529,3.756,3.523,3.727
1744300800000,3.41,3.553,3.393,3.529
1744214400000,3.372,3.753,3.363,3.413
1744128000000,3.593,3.596,3.248,3.37
1744041600000,3.598,3.706,3.516,3.594
1743955200000,3.894,3.9,3.283,3.602
1743868800000,3.913,3.976,3.838,3.893
1743782400000,4.059,4.099,3.898,3.913
1743696000000,3.957,4.132,3.946,4.056
1743609600000,4.212,4.236,3.845,3.958
1743523200000,4.253,4.263,4.016,4.211
1743436800000,4.056,4.283,4.009,4.253
1743350400000,4.063,4.122,3.948,4.058
1743264000000,4.071,4.172,3.995,4.064
1743177600000,4.29,4.318,4.051,4.07
1743091200000,4.572,4.668,4.242,4.294
1743004800000,4.712,4.757,4.496,4.572
1742918400000,4.668,4.767,4.595,4.711
1742832000000,4.726,4.73,4.582,4.667
1742745600000,4.452,4.774,4.399,4.726
1742659200000,4.465,4.545,4.403,4.453
1742572800000,4.447,4.585,4.416,4.466
1742486400000,4.388,4.566,4.326,4.445
1742400000000,4.535,4.597,4.383,4.39
1742313600000,4.288,4.589,4.242,4.536
1742227200000,4.376,4.436,4.233,4.291
1742140800000,4.238,4.467,4.202,4.375
1742054400000,4.382,4.404,4.185,4.238
1741968000000,4.17,4.427,4.159,4.379
1741881600000,3.961,4.204,3.825,4.168
1741795200000,3.927,4.11,3.912,3.961
1741708800000,3.975,4.123,3.848,3.932
1741622400000,4.065,4.082,3.657,3.975
1741536000000,4.162,4.285,3.973,4.066
1741449600000,4.342,4.375,4.134,4.163
1741363200000,4.577,4.626,4.291,4.342
1741276800000,4.499,4.677,4.214,4.578
1741190400000,4.366,4.663,4.332,4.496
1741104000000,4.223,4.484,4.014,4.367
1741017600000,4.865,4.913,4.106,4.222
1740931200000,4.75,5.249,4.742,4.863
1740844800000,4.577,4.847,4.565,4.749
1740758400000,4.744,4.82,4.526,4.579
1740672000000,5.084,5.109,4.454,4.74
1740585600000,4.847,5.183,4.615,5.084
1740499200000,4.431,4.903,4.372,4.846
1740412800000,4.668,4.71,4.138,4.429
1740326400000,4.952,4.994,4.606,4.669
1740240000000,5.07,5.144,4.947,4.952
1740153600000,5.205,5.297,4.949,5.07
1740067200000,4.926,5.337,4.918,5.205
1739980800000,4.822,5.04,4.805,4.925
1739894400000,4.657,4.893,4.559,4.822
1739808000000,4.901,4.945,4.619,4.657
1739721600000,4.944,5.071,4.79,4.905
1739635200000,5.049,5.125,4.878,4.943
1739548800000,5.225,5.38,5,5.046
1739462400000,5.161,5.295,5.078,5.225
1739376000000,5.096,5.329,5.012,5.162
1739289600000,4.971,5.223,4.749,5.092
1739203200000,4.835,5.211,4.819,4.975
1739116800000,4.805,4.92,4.512,4.835
1739030400000,4.574,4.877,4.55,4.804
1738944000000,4.834,4.837,4.451,4.573
