1738857600000,4.532,4.937,4.44,4.834
1738771200000,4.812,4.838,4.493,4.532
1738684800000,4.8,4.945,4.58,4.813
1738598400000,4.911,5.279,4.631,4.798
1738512000000,5.649,5.652,3.762,4.911
1738425600000,6.231,6.262,5.566,5.647
1738339200000,6.467,6.499,6.181,6.23
1738252800000,6.218,6.488,6.03,6.47
1738166400000,5.647,6.255,5.543,6.216
1738080000000,5.899,5.905,5.6,5.649
1737993600000,5.841,6.036,5.685,5.899
1737907200000,6.352,6.471,5.487,5.842
1737820800000,6.367,6.408,6.264,6.351
1737734400000,6.469,6.502,6.246,6.374
1737648000000,6.403,6.544,6.191,6.468
1737561600000,6.518,6.602,6.242,6.401
1737475200000,6.563,6.844,6.484,6.524
1737388800000,6.503,6.612,6.15,6.568
1737302400000,6.814,7.092,6.056,6.501
1737216000000,7.016,7.237,6.413,6.817
1737129600000,7.412,7.601,6.925,7.01
1737043200000,7.238,7.447,7.094,7.409
1736956800000,7.018,7.391,6.846,7.239
1736870400000,6.52,7.071,6.466,7.016
1736784000000,6.286,6.589,6.12,6.521
1736697600000,6.738,6.81,5.997,6.284
1736611200000,6.644,6.876,6.587,6.739
1736524800000,6.63,6.81,6.556,6.637
1736438400000,6.792,6.837,6.454,6.629
1736352000000,6.85,6.857,6.422,6.793
1736265600000,7.306,7.396,6.712,6.851
1736179200000,7.882,7.994,7.189,7.307
1736092800000,7.573,7.881,7.535,7.88
1736006400000,7.688,7.757,7.462,7.572
1735920000000,7.869,7.995,7.603,7.69
1735833600000,7.195,7.939,7.103,7.867
1735747200000,6.801,7.359,6.728,7.188
1735660800000,6.845,6.857,6.52,6.8
1735574400000,6.613,6.942,6.539,6.844
1735488000000,6.99,7.109,6.558,6.613
1735401600000,6.949,7.183,6.933,6.987
1735315200000,6.872,7.072,6.781,6.947
1735228800000,6.958,7.308,6.837,6.872
1735142400000,7.458,7.594,6.928,6.96
1735056000000,7.565,7.676,7.355,7.445
1734969600000,6.863,7.64,6.85,7.565
1734883200000,6.89,7.133,6.652,6.863
1734796800000,7.124,7.266,6.764,6.892
1734710400000,6.862,7.801,6.808,7.121
1734624000000,7.433,7.688,6.043,6.861
1734537600000,8.183,8.472,7.16,7.434
1734451200000,8.604,8.866,8.085,8.185
1734364800000,8.91,9.169,8.533,8.606
1734278400000,9.045,9.21,8.587,8.909
1734192000000,8.642,9.264,8.352,9.044
1734105600000,8.837,9.211,8.46,8.646
1734019200000,9.233,9.398,8.78,8.838
1733932800000,9.195,9.673,8.926,9.235
1733846400000,7.887,9.267,7.586,9.193
1733760000000,9.499,9.664,7.433,7.883
1733673600000,10.342,10.44,9.364,9.492
1733587200000,10.757,10.93,10.194,10.341
1733500800000,10.553,10.88,10.305,10.756
1733414400000,10.903,11.232,10.013,10.549
1733328000000,10.979,11.326,9.897,10.896
1733241600000,9.569,11.65,9.318,10.976
1733155200000,9.132,10.39,8.765,9.573
1733068800000,9.109,9.518,8.454,9.13
1732982400000,8.851,9.237,8.693,9.107
1732896000000,8.702,9.145,8.577,8.852
1732809600000,8.031,9.013,8.031,8.7
1732723200000,8.401,8.567,8.004,8.03
1732636800000,7.878,8.482,7.778,8.4
1732550400000,8.58,8.643,7.548,7.877
1732464000000,8.237,9.363,8.167,8.577
1732377600000,8.849,10.514,8.037,8.237
1732291200000,6.355,8.992,6.235,8.844
1732204800000,5.774,6.366,5.759,6.357
1732118400000,5.924,5.967,5.476,5.773
1732032000000,5.838,6.077,5.649,5.926
1731945600000,5.844,6.095,5.703,5.838
1731859200000,5.544,5.98,5.31,5.844
1731772800000,5.462,6.146,5.418,5.544
1731686400000,4.919,5.569,4.892,5.464
1731600000000,4.826,5.057,4.682,4.922
1731513600000,5.373,5.406,4.771,4.828
1731427200000,5.288,5.443,4.91,5.373
1731340800000,5.199,5.839,5.119,5.288
1731254400000,5.242,5.475,4.972,5.2
1731168000000,4.374,5.448,4.314,5.242
1731081600000,4.341,4.395,4.24,4.373
1730995200000,4.148,4.392,4.105,4.34
1730908800000,4.047,4.197,4.025,4.149
1730822400000,3.869,4.131,3.825,4.048
1730736000000,3.796,3.919,3.679,3.869
1730649600000,3.732,3.838,3.71,3.801
1730563200000,3.858,3.931,3.665,3.733
1730476800000,3.893,3.95,3.821,3.859
1730390400000,3.999,3.999,3.846,3.894
1730304000000,4.199,4.215,3.973,3.999
1730217600000,4.177,4.251,4.12,4.198
1730131200000,4.015,4.207,4.003,4.176
1730044800000,4.091,4.227,4.016,4.016
1729958400000,4.005,4.092,3.985,4.089
1729872000000,4.141,4.165,3.843,4.004
1729785600000,4.195,4.252,4.105,4.143
1729699200000,4.192,4.261,4.104,4.196
1729612800000,4.328,4.348,4.159,4.193
1729526400000,4.377,4.436,4.272,4.33
1729440000000,4.55,4.614,4.355,4.376
1729353600000,4.406,4.558,4.358,4.549
1729267200000,4.262,4.481,4.236,4.407
1729180800000,4.238,4.271,4.146,4.263
1729094400000,4.321,4.351,4.182,4.241
1729008000000,4.369,4.447,4.296,4.32
1728921600000,4.343,4.535,4.29,4.363
1728835200000,4.105,4.357,4.096,4.343
1728748800000,4.234,4.252,4.087,4.108
1728662400000,4.17,4.262,4.149,4.23
1728576000000,4.056,4.171,3.965,4.169
1728489600000,4.1,4.103,3.952,4.056
1728403200000,4.112,4.149,4.033,4.102
1728316800000,4.203,4.246,4.045,4.113
1728230400000,4.181,4.271,4.131,4.201
1728144000000,4.176,4.195,4.078,4.18
1728057600000,4.176,4.234,4.153,4.176
1727971200000,4.058,4.195,4.005,4.174
1727884800000,4.157,4.2,3.991,4.058
1727798400000,4.293,4.313,4.05,4.158
1727712000000,4.517,4.562,4.191,4.294
1727625600000,4.781,4.859,4.513,4.513
1727539200000,4.801,4.831,4.683,4.781
1727452800000,4.898,4.942,4.752,4.804
1727366400000,4.838,4.963,4.758,4.9
1727280000000,4.7,4.852,4.565,4.837
1727193600000,4.498,4.751,4.498,4.7
1727107200000,4.418,4.61,4.37,4.496
1727020800000,4.323,4.451,4.233,4.419
1726934400000,4.424,4.484,4.306,4.324
1726848000000,4.311,4.433,4.238,4.425
1726761600000,4.278,4.401,4.191,4.31
1726675200000,3.99,4.297,3.973,4.279
1726588800000,4.252,4.255,3.979,3.993
1726502400000,4.237,4.289,4.137,4.255
1726416000000,4.544,4.551,4.218,4.236
1726329600000,4.401,4.556,4.375,4.539
1726243200000,4.419,4.472,4.349,4.403
1726156800000,4.217,4.426,4.217,4.423
1726070400000,4.12,4.279,4.12,4.218
1725984000000,4.2,4.271,4.06,4.125
1725897600000,4.197,4.34,4.197,4.201
1725811200000,4.12,4.209,4.092,4.196
1725724800000,4.121,4.2,4.049,4.116
1725638400000,4.009,4.131,3.819,4.12
1725552000000,4,4.096,3.943,4.011
1725465600000,4.16,4.198,3.973,3.999
1725379200000,4.106,4.164,3.869,4.161
1725292800000,4.157,4.285,4.098,4.108
1725206400000,4.184,4.222,4.034,4.156
1725120000000,4.272,4.276,4.108,4.186
1725033600000,4.119,4.318,4.105,4.27
1724947200000,4.389,4.39,4.103,4.12
1724860800000,4.303,4.403,4.166,4.389
1724774400000,4.527,4.582,4.24,4.307
1724688000000,4.657,4.674,4.497,4.525
1724601600000,4.864,4.895,4.625,4.659
1724515200000,4.956,5.102,4.746,4.865
1724428800000,4.79,4.981,4.771,4.959
1724342400000,4.633,4.823,4.608,4.79
1724256000000,4.551,4.748,4.534,4.633
1724169600000,4.497,4.616,4.477,4.552
1724083200000,4.45,4.6,4.397,4.5
1723996800000,4.429,4.526,4.346,4.45
1723910400000,4.326,4.465,4.323,4.429
1723824000000,4.252,4.359,4.24,4.328
1723737600000,4.453,4.47,4.213,4.255
1723651200000,4.441,4.482,4.351,4.452
1723564800000,4.508,4.613,4.374,4.443
1723478400000,4.644,4.661,4.398,4.508
1723392000000,4.621,4.682,4.45,4.643
1723305600000,4.749,4.829,4.599,4.621
1723219200000,4.761,4.841,4.731,4.748
1723132800000,4.749,4.926,4.721,4.76
1723046400000,4.51,4.824,4.471,4.75
1722960000000,4.491,4.645,4.404,4.511
1722873600000,4.237,4.493,4.072,4.489
1722787200000,4.72,4.828,3.587,4.236
1722700800000,5.052,5.097,4.716,4.719
1722614400000,5.12,5.208,4.999,5.058
1722528000000,5.164,5.369,5,5.123
1722441600000,5.461,5.522,5.131,5.161
1722355200000,5.647,5.67,5.456,5.46
1722268800000,5.719,5.73,5.61,5.648
1722182400000,5.71,5.878,5.673,5.72
1722096000000,5.834,5.892,5.687,5.709
1722009600000,5.819,5.943,5.799,5.837
1721923200000,5.674,5.892,5.542,5.821
1721836800000,5.897,5.929,5.561,5.674
1721750400000,5.945,5.996,5.802,5.897
1721664000000,6.223,6.238,5.936,5.946
1721577600000,6.289,6.474,6.102,6.224
1721491200000,6.329,6.395,6.211,6.289
1721404800000,6.245,6.37,6.223,6.329
1721318400000,6.083,6.255,5.982,6.245
1721232000000,6.381,6.406,6.077,6.086
1721145600000,6.461,6.533,6.298,6.382
1721059200000,6.322,6.514,6.127,6.46
1720972800000,6.289,6.537,6.216,6.326
1720886400000,6.27,6.325,6.161,6.287
1720800000000,6.002,6.288,5.958,6.27
1720713600000,6.006,6.041,5.802,6.001
1720627200000,6.13,6.246,5.988,6.005
1720540800000,6.148,6.263,6.039,6.13
1720454400000,5.981,6.189,5.842,6.152
1720368000000,6.026,6.298,5.697,5.978
1720281600000,6.008,6.314,5.993,6.028
1720195200000,5.862,6.047,5.632,6.008
1720108800000,5.837,5.887,4.907,5.865
1720022400000,6.213,6.227,5.607,5.839
1719936000000,6.378,6.607,6.059,6.214
1719849600000,6.356,6.532,6.316,6.38
1719763200000,6.139,6.393,6.113,6.358
1719676800000,6.116,6.203,6.021,6.142
1719590400000,6.309,6.39,6.075,6.109
1719504000000,6.29,6.44,6.218,6.309
1719417600000,5.857,6.379,5.709,6.289
1719331200000,5.942,5.953,5.786,5.855
1719244800000,5.539,5.973,5.533,5.94
1719158400000,5.705,5.728,5.372,5.544
1719072000000,5.75,5.817,5.693,5.705
1718985600000,5.65,5.804,5.542,5.747
1718899200000,5.652,5.738,5.562,5.651
1718812800000,5.808,5.973,5.642,5.654
1718726400000,5.799,5.994,5.589,5.809
1718640000000,6.105,6.309,5.415,5.8
1718553600000,6.343,6.427,6.091,6.106
1718467200000,6.227,6.352,6.15,6.345
1718380800000,6.222,6.259,5.982,6.229
1718294400000,6.382,6.496,6.2,6.222
1718208000000,6.708,6.928,6.365,6.38
1718121600000,6.301,6.711,6.244,6.705
1718035200000,6.552,6.569,6.218,6.302
1717948800000,6.471,6.581,6.358,6.55
1717862400000,6.467,6.502,6.338,6.471
1717776000000,7.216,7.219,6.024,6.467
1717689600000,7.25,7.29,7.057,7.216
1717603200000,7.229,7.293,7.148,7.251
1717516800000,7.168,7.297,7.131,7.229
1717430400000,7.138,7.209,6.942,7.168
1717344000000,7.086,7.189,6.918,7.133
1717257600000,7.092,7.126,6.989,7.083
1717171200000,6.859,7.134,6.805,7.093
1717084800000,7.068,7.139,6.856,6.864
1716998400000,7.226,7.275,6.926,7.07
1716912000000,7.389,7.565,7.212,7.227
1716825600000,7.725,7.776,7.277,7.39
1716739200000,7.582,7.737,7.378,7.727
1716652800000,7.334,7.639,7.331,7.581
1716566400000,7.262,7.35,7.179,7.334
1716480000000,7.207,7.387,6.881,7.261
1716393600000,7.609,7.629,7.17,7.209
1716307200000,7.529,7.699,7.425,7.611
1716220800000,7.05,7.672,7.033,7.53
1716134400000,7.03,7.071,6.852,7.049
1716048000000,7.132,7.185,6.963,7.031
1715961600000,7.235,7.27,7.064,7.133
1715875200000,6.929,7.3,6.887,7.236
1715788800000,6.868,7.032,6.815,6.928
1715702400000,6.647,6.939,6.461,6.863
1715616000000,6.762,6.825,6.489,6.646
1715529600000,6.754,6.792,6.432,6.762
1715443200000,6.731,6.763,6.64,6.751
1715356800000,6.86,6.882,6.633,6.731
1715270400000,6.961,7.151,6.805,6.863
1715184000000,7.154,7.167,6.783,6.961
1715097600000,7.197,7.225,6.892,7.152
1715011200000,7.178,7.294,7.023,7.194
1714924800000,7.245,7.474,7.061,7.179
1714838400000,7.193,7.253,7.016,7.244
1714752000000,7.259,7.387,7.113,7.192
1714665600000,7.006,7.411,6.98,7.257
1714579200000,6.493,7.1,6.435,7.005
1714492800000,6.151,6.646,6.035,6.497
1714406400000,6.629,6.669,6.123,6.154
1714320000000,6.85,6.916,6.472,6.629
1714233600000,6.647,6.951,6.63,6.85
1714147200000,6.812,6.897,6.506,6.647
1714060800000,6.917,6.978,6.721,6.812
1713974400000,7.03,7.131,6.704,6.918
1713888000000,7.413,7.501,7.016,7.034
1713801600000,7.449,7.565,7.318,7.406
1713715200000,7.118,7.584,6.962,7.448
1713628800000,6.969,7.291,6.945,7.117
1713542400000,6.806,6.969,6.578,6.968
1713456000000,6.75,6.919,6.274,6.805
1713369600000,6.399,6.793,6.327,6.751
1713283200000,6.414,6.78,6.352,6.4
1713196800000,6.877,6.922,6.373,6.415
1713110400000,6.562,7.207,6.362,6.876
1713024000000,7.109,7.131,5.7,6.561
