1790611200000,1.1675,1.236,1.1408,1.1827
1790524800000,1.2317,1.2813,1.1511,1.1676
1790438400000,1.2853,1.3061,1.2139,1.2315
1790352000000,1.1807,1.288,1.17,1.2851
1790265600000,1.1711,1.2049,1.1318,1.1806
1790179200000,1.0982,1.1799,1.0773,1.171
1790092800000,1.1763,1.236,1.0901,1.0985
1790006400000,1.1914,1.2194,1.1459,1.1762
1789920000000,1.1109,1.2016,1.1083,1.1914
1789833600000,1.1257,1.1431,1.0711,1.111
1789747200000,1.1333,1.1583,1.0987,1.1255
1789660800000,1.0663,1.1715,1.0514,1.1333
1789574400000,0.972,1.0694,0.9673,1.0661
1789488000000,0.9836,0.9933,0.9327,0.9719
1789401600000,1.0091,1.0381,0.9727,0.9834
1789315200000,1.0171,1.0288,0.9977,1.0092
1789228800000,1.0372,1.0447,0.9956,1.0173
1789142400000,1.0512,1.0709,1.03,1.0373
1789056000000,1.0892,1.1623,1.0426,1.0514
1788969600000,1.136,1.1419,1.0773,1.0893
1788883200000,1.1956,1.2839,1.1136,1.136
1788796800000,1.0784,1.201,1.0389,1.1962
1788710400000,0.9545,1.0898,0.9538,1.0782
1788624000000,0.9114,0.9917,0.9062,0.9546
1788537600000,0.8547,0.9258,0.852,0.9113
1788451200000,0.8934,0.9018,0.8415,0.855
1788364800000,0.8513,0.8948,0.8452,0.8933
1788278400000,0.8687,0.8934,0.8378,0.8511
1788192000000,0.8248,0.8765,0.8229,0.8687
1788105600000,0.852,0.866,0.8069,0.8247
1788019200000,0.8407,0.8709,0.8338,0.8521
1787932800000,0.8562,0.8581,0.8314,0.8403
1787846400000,0.8852,0.8955,0.8539,0.8563
1787760000000,0.8391,0.8957,0.8296,0.8852
1787673600000,0.8768,0.8802,0.8312,0.839
1787587200000,0.9061,0.924,0.8644,0.8764
1787500800000,0.927,0.9355,0.8924,0.906
1787414400000,0.9235,0.9392,0.8763,0.9269
1787328000000,0.9009,1.0323,0.8885,0.9237
1787241600000,0.8369,0.9052,0.8292,0.9009
1787155200000,0.7777,0.8385,0.7709,0.8368
1787068800000,0.7496,0.7973,0.7443,0.777
1786982400000,0.7577,0.7647,0.7228,0.7491
1786896000000,0.7675,0.7695,0.7529,0.7574
1786809600000,0.7761,0.777,0.7558,0.7675
1786723200000,0.7636,0.7844,0.7518,0.776
1786636800000,0.7708,0.7771,0.7523,0.7636
1786550400000,0.7853,0.788,0.7658,0.7708
1786464000000,0.7821,0.7982,0.78,0.7858
1786377600000,0.8034,0.813,0.7775,0.782
1786291200000,0.812,0.8213,0.7966,0.8037
1786204800000,0.818,0.8221,0.8051,0.812
1786118400000,0.8094,0.8273,0.8015,0.8182
1786032000000,0.8236,0.8275,0.8059,0.8093
1785945600000,0.8528,0.8558,0.8145,0.8242
1785859200000,0.833,0.8705,0.833,0.8529
1785772800000,0.8258,0.8473,0.8192,0.8328
1785686400000,0.7933,0.8291,0.7873,0.8256
1785600000000,0.7777,0.8015,0.7634,0.7936
1785513600000,0.7575,0.785,0.7568,0.7771
1785427200000,0.7683,0.7792,0.7436,0.7577
1785340800000,0.7593,0.7767,0.7516,0.7685
1785254400000,0.763,0.7686,0.7531,0.7594
1785168000000,0.792,0.7987,0.7482,0.7634
1785081600000,0.8245,0.832,0.7887,0.7925
1784995200000,0.8223,0.8317,0.8131,0.8247
1784908800000,0.7988,0.8252,0.7977,0.8222
1784822400000,0.8147,0.8201,0.7871,0.799
1784736000000,0.8454,0.8533,0.8101,0.8149
1784649600000,0.8562,0.8585,0.8335,0.8449
1784563200000,0.8233,0.8685,0.8167,0.8562
1784476800000,0.8247,0.8264,0.8008,0.8234
1784390400000,0.8325,0.8415,0.8206,0.8247
1784304000000,0.8504,0.8645,0.83,0.8328
1784217600000,0.8547,0.8739,0.8339,0.85
1784131200000,0.8563,0.8608,0.8277,0.8544
1784044800000,0.8528,0.8689,0.8437,0.8561
1783958400000,0.8383,0.861,0.8265,0.8527
1783872000000,0.8457,0.8604,0.825,0.838
1783785600000,0.8798,0.8843,0.8398,0.8454
1783699200000,0.8746,0.887,0.8679,0.8797
1783612800000,0.8292,0.895,0.8214,0.8745
1783526400000,0.8203,0.8392,0.8191,0.829
1783440000000,0.8736,0.8774,0.8153,0.8205
1783353600000,0.8807,0.9078,0.8511,0.8736
1783267200000,0.878,0.8915,0.8488,0.8806
1783180800000,0.888,0.9,0.8602,0.8777
1783094400000,0.8736,0.8923,0.8672,0.8879
1783008000000,0.8504,0.8785,0.837,0.8736
1782921600000,0.8462,0.8679,0.8245,0.8504
1782835200000,0.8146,0.8502,0.8061,0.8461
1782748800000,0.8224,0.8409,0.8016,0.8144
1782662400000,0.811,0.8312,0.796,0.8225
1782576000000,0.8476,0.8481,0.7986,0.8109
1782489600000,0.8557,0.8652,0.8384,0.8473
1782403200000,0.8523,0.8646,0.804,0.8556
1782316800000,0.8722,0.8985,0.818,0.8522
1782230400000,0.9,0.9194,0.868,0.8723
1782144000000,0.958,0.9621,0.8837,0.9
1782057600000,0.9702,0.9789,0.9405,0.9579
1781971200000,0.9688,0.9759,0.9549,0.9705
1781884800000,0.9682,0.9744,0.9495,0.9684
1781798400000,0.9454,0.9816,0.9437,0.9683
1781712000000,1.0377,1.0432,0.9407,0.9455
1781625600000,1.0013,1.0389,0.9976,1.0375
1781539200000,1.0446,1.046,0.9875,1.0014
1781452800000,0.957,1.0461,0.9489,1.0441
1781366400000,0.9915,0.9916,0.9513,0.9575
1781280000000,0.9496,0.9954,0.9469,0.9914
1781193600000,0.947,0.975,0.9399,0.949
1781107200000,0.951,0.959,0.903,0.946
1781020800000,0.942,0.969,0.925,0.95
1780934400000,0.986,0.995,0.942,0.942
1780848000000,0.964,1.002,0.941,0.985
1780761600000,0.938,0.981,0.928,0.963
1780675200000,0.953,0.974,0.885,0.939
1780588800000,1.065,1.072,0.943,0.955
1780502400000,1.114,1.124,1.008,1.065
1780416000000,1.096,1.132,1.057,1.113
1780329600000,1.132,1.169,1.084,1.097
1780243200000,1.174,1.206,1.127,1.131
1780156800000,1.195,1.204,1.166,1.173
1780070400000,1.221,1.232,1.182,1.195
1779984000000,1.195,1.233,1.178,1.222
1779897600000,1.271,1.276,1.177,1.195
1779811200000,1.271,1.278,1.234,1.27
1779724800000,1.284,1.309,1.235,1.272
1779638400000,1.262,1.286,1.228,1.283
1779552000000,1.243,1.339,1.238,1.262
1779465600000,1.317,1.324,1.2,1.243
1779379200000,1.26,1.346,1.251,1.318
1779292800000,1.251,1.293,1.242,1.259
1779206400000,1.228,1.255,1.22,1.251
1779120000000,1.226,1.26,1.216,1.226
1779033600000,1.273,1.282,1.216,1.227
1778947200000,1.273,1.293,1.255,1.273
1778860800000,1.308,1.327,1.247,1.273
1778774400000,1.371,1.423,1.288,1.308
1778688000000,1.319,1.374,1.314,1.37
1778601600000,1.312,1.438,1.304,1.318
1778515200000,1.368,1.381,1.304,1.312
1778428800000,1.374,1.419,1.334,1.368
1778342400000,1.344,1.374,1.329,1.373
1778256000000,1.359,1.393,1.339,1.343
1778169600000,1.303,1.364,1.294,1.359
1778083200000,1.308,1.338,1.29,1.303
1777996800000,1.275,1.335,1.256,1.308
1777910400000,1.226,1.296,1.217,1.274
1777824000000,1.211,1.263,1.199,1.225
1777737600000,1.214,1.24,1.203,1.21
1777651200000,1.214,1.219,1.195,1.214
1777564800000,1.215,1.228,1.194,1.213
1777478400000,1.206,1.226,1.179,1.216
1777392000000,1.232,1.259,1.2,1.206
1777305600000,1.219,1.242,1.214,1.232
1777219200000,1.267,1.276,1.21,1.219
1777132800000,1.257,1.274,1.236,1.267
1777046400000,1.26,1.276,1.247,1.257
1776960000000,1.25,1.263,1.212,1.259
1776873600000,1.298,1.303,1.237,1.25
1776787200000,1.277,1.327,1.256,1.299
1776700800000,1.272,1.295,1.267,1.276
1776614400000,1.277,1.279,1.236,1.272
1776528000000,1.296,1.307,1.247,1.276
1776441600000,1.334,1.355,1.28,1.296
1776355200000,1.328,1.353,1.285,1.333
1776268800000,1.171,1.328,1.169,1.328
1776182400000,1.172,1.178,1.146,1.171
1776096000000,1.17,1.242,1.16,1.171
1776009600000,1.228,1.247,1.149,1.17
1775923200000,1.279,1.315,1.216,1.228
1775836800000,1.311,1.32,1.264,1.278
1775750400000,1.282,1.36,1.273,1.31
1775664000000,1.292,1.302,1.236,1.282
1775577600000,1.22,1.335,1.217,1.292
1775491200000,1.284,1.284,1.206,1.219
1775404800000,1.232,1.316,1.221,1.283
1775318400000,1.251,1.265,1.216,1.231
1775232000000,1.249,1.26,1.234,1.251
1775145600000,1.222,1.266,1.218,1.25
1775059200000,1.276,1.284,1.203,1.221
1774972800000,1.253,1.302,1.246,1.276
1774886400000,1.264,1.278,1.227,1.252
1774800000000,1.257,1.288,1.221,1.264
1774713600000,1.288,1.293,1.248,1.255
1774627200000,1.28,1.307,1.269,1.287
1774540800000,1.325,1.339,1.273,1.279
1774454400000,1.368,1.384,1.306,1.324
1774368000000,1.382,1.412,1.359,1.368
1774281600000,1.434,1.442,1.379,1.383
1774195200000,1.435,1.493,1.393,1.432
1774108800000,1.507,1.509,1.431,1.433
1774022400000,1.526,1.527,1.485,1.507
1773936000000,1.521,1.552,1.496,1.525
1773849600000,1.56,1.58,1.502,1.522
1773763200000,1.593,1.654,1.54,1.561
1773676800000,1.57,1.661,1.567,1.592
1773590400000,1.418,1.632,1.409,1.569
1773504000000,1.433,1.443,1.394,1.418
1773417600000,1.507,1.515,1.419,1.432
1773331200000,1.502,1.55,1.489,1.507
1773244800000,1.519,1.55,1.485,1.502
1773158400000,1.53,1.555,1.474,1.518
1773072000000,1.5,1.548,1.485,1.529
1772985600000,1.453,1.52,1.429,1.501
1772899200000,1.468,1.484,1.423,1.453
1772812800000,1.464,1.517,1.459,1.469
1772726400000,1.511,1.557,1.454,1.463
1772640000000,1.557,1.568,1.505,1.511
1772553600000,1.508,1.574,1.503,1.556
1772467200000,1.573,1.603,1.473,1.509
1772380800000,1.551,1.603,1.499,1.574
1772294400000,1.511,1.681,1.497,1.551
1772208000000,1.565,1.651,1.457,1.512
1772121600000,1.62,1.683,1.522,1.565
1772035200000,1.519,1.753,1.515,1.62
1771948800000,1.249,1.555,1.234,1.518
1771862400000,1.281,1.283,1.226,1.248
1771776000000,1.32,1.322,1.238,1.281
1771689600000,1.373,1.374,1.309,1.321
1771603200000,1.351,1.397,1.316,1.373
1771516800000,1.273,1.354,1.26,1.35
1771430400000,1.357,1.357,1.269,1.273
1771344000000,1.359,1.381,1.332,1.356
1771257600000,1.34,1.383,1.34,1.358
1771171200000,1.367,1.39,1.331,1.34
1771084800000,1.399,1.439,1.351,1.368
1770998400000,1.307,1.399,1.303,1.398
1770912000000,1.275,1.326,1.25,1.307
1770825600000,1.238,1.304,1.235,1.275
1770739200000,1.283,1.297,1.225,1.238
1770652800000,1.31,1.344,1.265,1.283
1770566400000,1.357,1.367,1.278,1.311
1770480000000,1.356,1.403,1.34,1.357
1770393600000,1.347,1.407,1.318,1.355
1770307200000,1.329,1.359,1.102,1.348
1770220800000,1.451,1.491,1.295,1.329
1770134400000,1.524,1.567,1.432,1.451
1770048000000,1.571,1.576,1.49,1.525
1769961600000,1.5,1.575,1.452,1.57
1769875200000,1.572,1.592,1.399,1.499
1769788800000,1.686,1.722,1.535,1.571
1769702400000,1.731,1.765,1.662,1.686
1769616000000,1.848,1.89,1.71,1.731
1769529600000,1.855,1.899,1.829,1.846
1769443200000,1.872,1.889,1.829,1.854
1769356800000,1.888,1.899,1.782,1.871
1769270400000,1.906,1.945,1.878,1.887
1769184000000,1.945,1.982,1.903,1.906
1769097600000,1.927,1.984,1.897,1.945
1769011200000,1.969,2,1.873,1.926
1768924800000,1.94,1.98,1.882,1.969
1768838400000,1.978,2.063,1.931,1.94
1768752000000,2.163,2.199,1.845,1.978
1768665600000,2.209,2.216,2.13,2.163
1768579200000,2.075,2.235,2.055,2.21
1768492800000,2.164,2.173,2.06,2.075
1768406400000,2.267,2.283,2.129,2.165
1768320000000,2.243,2.343,2.215,2.266
1768233600000,2.088,2.247,2.038,2.242
1768147200000,2.08,2.153,2.02,2.087
1768060800000,2.118,2.131,2.07,2.08
1767974400000,2.106,2.144,2.059,2.118
1767888000000,2.156,2.159,2.049,2.105
1767801600000,2.136,2.172,2.084,2.156
1767715200000,2.199,2.25,2.116,2.137
1767628800000,2.195,2.264,2.155,2.198
1767542400000,2.167,2.204,2.095,2.195
1767456000000,2.13,2.18,2.116,2.167
1767369600000,2.008,2.219,2.004,2.128
1767283200000,1.894,2.033,1.894,2.007
1767196800000,1.813,1.903,1.761,1.894
1767110400000,1.842,1.846,1.801,1.813
1767024000000,1.857,1.86,1.792,1.841
1766937600000,1.879,1.905,1.819,1.856
1766851200000,1.802,1.927,1.798,1.878
1766764800000,1.708,1.823,1.692,1.802
1766678400000,1.734,1.753,1.654,1.707
1766592000000,1.733,1.752,1.704,1.733
1766505600000,1.748,1.787,1.704,1.733
1766419200000,1.837,1.849,1.729,1.748
1766332800000,1.769,1.853,1.762,1.835
1766246400000,1.833,1.852,1.75,1.771
1766160000000,1.835,1.881,1.817,1.832
1766073600000,1.862,1.867,1.72,1.834
1765987200000,1.87,1.889,1.771,1.861
1765900800000,1.921,1.954,1.855,1.869
1765814400000,1.886,1.943,1.831,1.92
1765728000000,1.974,2.01,1.873,1.887
1765641600000,2.045,2.057,1.963,1.974
1765555200000,1.968,2.057,1.945,2.046
1765468800000,2.027,2.095,1.954,1.969
1765382400000,2.203,2.321,2.016,2.027
1765296000000,2.22,2.391,2.189,2.204
1765209600000,2.133,2.221,2.09,2.217
1765123200000,2.118,2.179,2.055,2.133
1765036800000,2.12,2.165,2.04,2.119
1764950400000,2.208,2.21,2.083,2.12
1764864000000,2.329,2.342,2.186,2.208
