1790611200000,14.437,15.773,14.398,14.797
1790524800000,14.12,15.017,13.523,14.432
1790438400000,14.247,14.488,13.875,14.118
1790352000000,13.831,14.496,13.662,14.25
1790265600000,12.79,14.217,12.691,13.831
1790179200000,12.184,12.793,12.05,12.788
1790092800000,13.041,13.223,12.077,12.186
1790006400000,13.022,13.306,12.75,13.042
1789920000000,12.379,13.173,12.319,13.024
1789833600000,12.574,12.691,11.915,12.38
1789747200000,12.159,12.653,12.088,12.571
1789660800000,11.382,12.248,11.255,12.152
1789574400000,10.683,11.451,10.618,11.374
1789488000000,11.279,11.42,10.629,10.682
1789401600000,11.461,11.967,11.046,11.279
1789315200000,11.262,11.501,11.119,11.462
1789228800000,11.592,11.611,11.197,11.262
1789142400000,11.71,11.822,11.447,11.59
1789056000000,11.639,12.21,11.25,11.71
1788969600000,12.001,12.059,11.483,11.637
1788883200000,12.688,12.797,11.819,12.006
1788796800000,12.868,12.969,12.294,12.689
1788710400000,12.22,13.686,12.2,12.873
1788624000000,11.95,12.468,11.894,12.221
1788537600000,11.656,11.964,11.58,11.951
1788451200000,11.784,12.165,11.467,11.66
1788364800000,11.09,11.862,11.003,11.784
1788278400000,11.431,11.453,10.911,11.089
1788192000000,11.383,11.525,11.282,11.43
1788105600000,11.564,11.822,10.979,11.389
1788019200000,11.392,11.654,11.337,11.56
1787932800000,11.57,11.586,11.26,11.387
1787846400000,11.93,12.058,11.555,11.573
1787760000000,11.236,11.987,11.14,11.929
1787673600000,11.585,11.605,11.062,11.234
1787587200000,11.573,11.972,11.356,11.585
1787500800000,11.462,11.785,11.294,11.571
1787414400000,11.612,11.813,11.031,11.46
1787328000000,11.526,12.614,10.907,11.607
1787241600000,10.717,11.863,10.493,11.524
1787155200000,9.921,10.893,9.851,10.714
1787068800000,9.481,10.064,9.451,9.92
1786982400000,9.523,9.577,9.333,9.479
1786896000000,9.392,9.575,9.343,9.52
1786809600000,9.512,9.634,9.296,9.397
1786723200000,8.858,9.746,8.831,9.511
1786636800000,8.747,8.904,8.682,8.859
1786550400000,8.781,8.865,8.618,8.746
1786464000000,8.566,8.896,8.535,8.783
1786377600000,8.303,8.717,8.209,8.569
1786291200000,8.356,8.394,8.166,8.306
1786204800000,8.342,8.369,8.262,8.353
1786118400000,8.283,8.4,8.156,8.343
1786032000000,8.227,8.342,8.106,8.28
1785945600000,8.113,8.273,8.056,8.226
1785859200000,8.196,8.25,8.068,8.113
1785772800000,8.249,8.287,8.119,8.196
1785686400000,8.274,8.455,8.162,8.246
1785600000000,8.104,8.417,7.889,8.275
1785513600000,8.112,8.247,8.083,8.103
1785427200000,8.487,8.526,8.023,8.115
1785340800000,8.276,8.533,8.165,8.487
1785254400000,8.38,8.513,8.241,8.277
1785168000000,8.577,8.659,8.191,8.382
1785081600000,8.598,8.917,8.532,8.581
1784995200000,8.388,8.604,8.36,8.6
1784908800000,8.369,8.401,8.268,8.387
1784822400000,8.498,8.581,8.292,8.371
1784736000000,8.691,8.736,8.417,8.497
1784649600000,8.693,8.759,8.574,8.689
1784563200000,8.555,8.764,8.507,8.697
1784476800000,8.359,8.569,8.285,8.555
1784390400000,8.276,8.391,8.262,8.355
1784304000000,8.166,8.339,8.141,8.275
1784217600000,8.444,8.464,8.005,8.166
1784131200000,8.553,8.585,8.372,8.443
1784044800000,8.299,8.63,8.203,8.552
1783958400000,7.937,8.404,7.793,8.298
1783872000000,8.072,8.135,7.857,7.937
1783785600000,8.063,8.12,7.858,8.071
1783699200000,7.925,8.095,7.888,8.062
1783612800000,7.705,8.017,7.677,7.923
1783526400000,7.553,7.784,7.544,7.698
1783440000000,8.001,8.047,7.52,7.555
1783353600000,8.023,8.171,7.794,7.996
1783267200000,7.965,8.151,7.763,8.019
1783180800000,8.088,8.176,7.84,7.965
1783094400000,7.848,8.1,7.819,8.089
1783008000000,7.791,7.897,7.697,7.848
1782921600000,7.418,7.944,7.308,7.786
1782835200000,7.158,7.463,7.071,7.416
1782748800000,7.331,7.502,7.122,7.156
1782662400000,7.317,7.408,7.159,7.33
1782576000000,7.456,7.469,7.222,7.316
1782489600000,7.338,7.476,7.287,7.455
1782403200000,7.216,7.358,7.016,7.337
1782316800000,7.368,7.55,7.009,7.215
1782230400000,7.62,7.7,7.366,7.368
1782144000000,7.987,7.998,7.48,7.621
1782057600000,7.985,8.153,7.765,7.986
1781971200000,7.97,8.017,7.866,7.986
1781884800000,7.906,8.014,7.829,7.968
1781798400000,7.791,8.043,7.774,7.908
1781712000000,8.294,8.368,7.775,7.791
1781625600000,8.198,8.417,8.086,8.294
1781539200000,8.562,8.588,8.092,8.2
1781452800000,7.841,8.616,7.786,8.561
1781366400000,8.028,8.054,7.795,7.841
1781280000000,7.817,8.043,7.801,8.027
1781193600000,7.759,8.009,7.688,7.815
1781107200000,7.809,7.881,7.482,7.756
1781020800000,7.72,7.93,7.613,7.808
1780934400000,8.027,8.125,7.714,7.725
1780848000000,7.726,8.11,7.529,8.023
1780761600000,7.377,7.85,7.286,7.724
1780675200000,7.29,7.543,6.995,7.383
1780588800000,8.047,8.132,7.241,7.291
1780502400000,8.382,8.466,7.794,8.046
1780416000000,8.568,8.743,8.173,8.38
1780329600000,8.912,9.114,8.482,8.568
1780243200000,9.096,9.224,8.842,8.913
1780156800000,9.203,9.301,9.069,9.095
1780070400000,9.07,9.312,8.927,9.204
1779984000000,8.897,9.136,8.792,9.069
1779897600000,9.436,9.456,8.767,8.899
1779811200000,9.477,9.491,9.276,9.433
1779724800000,9.604,9.684,9.361,9.477
1779638400000,9.432,9.663,9.251,9.604
1779552000000,9.32,9.786,9.288,9.431
1779465600000,9.81,9.856,9.057,9.318
1779379200000,9.649,10.036,9.611,9.813
1779292800000,9.631,9.782,9.518,9.648
1779206400000,9.492,9.661,9.381,9.629
1779120000000,9.424,9.824,9.312,9.49
1779033600000,9.715,9.777,9.325,9.424
1778947200000,9.709,9.853,9.631,9.715
1778860800000,10.03,10.138,9.62,9.71
1778774400000,10.639,10.77,9.968,10.029
1778688000000,10.069,10.662,10.064,10.638
1778601600000,10.159,10.803,10.041,10.069
1778515200000,10.583,10.708,10.112,10.158
1778428800000,10.622,10.872,10.401,10.583
1778342400000,10.335,10.623,10.28,10.62
1778256000000,10.096,10.61,10.039,10.335
1778169600000,9.868,10.102,9.773,10.095
1778083200000,10.038,10.132,9.8,9.868
1777996800000,9.729,10.249,9.668,10.038
1777910400000,9.418,9.815,9.319,9.729
1777824000000,9.157,9.657,9.09,9.416
1777737600000,9.164,9.257,9.072,9.154
1777651200000,9.229,9.253,9.068,9.163
1777564800000,9.136,9.28,9.085,9.228
1777478400000,9.097,9.188,8.91,9.134
1777392000000,9.223,9.415,9.08,9.097
1777305600000,9.184,9.333,9.146,9.222
1777219200000,9.496,9.591,9.154,9.186
1777132800000,9.347,9.499,9.286,9.495
1777046400000,9.372,9.447,9.331,9.348
1776960000000,9.35,9.398,9.154,9.373
1776873600000,9.493,9.51,9.143,9.349
1776787200000,9.42,9.557,9.242,9.492
1776700800000,9.268,9.488,9.209,9.418
1776614400000,9.287,9.363,9.001,9.267
1776528000000,9.387,9.421,9.103,9.287
1776441600000,9.753,9.832,9.313,9.387
1776355200000,9.459,9.868,9.306,9.754
1776268800000,9.162,9.47,9.123,9.459
1776182400000,9.129,9.246,8.927,9.161
1776096000000,8.823,9.437,8.779,9.131
1776009600000,8.712,8.917,8.686,8.823
1775923200000,9.026,9.288,8.685,8.715
1775836800000,9.057,9.174,8.951,9.025
1775750400000,8.943,9.185,8.864,9.057
1775664000000,9.031,9.118,8.689,8.942
1775577600000,8.619,9.416,8.595,9.032
1775491200000,9.086,9.101,8.573,8.62
1775404800000,8.6,9.153,8.566,9.087
1775318400000,8.688,8.779,8.477,8.595
1775232000000,8.697,8.731,8.611,8.685
1775145600000,8.565,8.811,8.524,8.698
1775059200000,9.009,9.14,8.419,8.565
1774972800000,8.625,9.202,8.622,9.008
1774886400000,8.826,8.857,8.505,8.626
1774800000000,8.427,8.926,8.195,8.825
1774713600000,8.64,8.652,8.375,8.425
1774627200000,8.609,8.696,8.483,8.639
1774540800000,8.934,8.987,8.523,8.611
1774454400000,9.369,9.478,8.855,8.933
1774368000000,9.119,9.498,9.017,9.368
1774281600000,9.045,9.259,8.992,9.119
1774195200000,8.795,9.289,8.572,9.044
1774108800000,9.104,9.11,8.673,8.794
1774022400000,9.026,9.175,8.96,9.103
1773936000000,8.961,9.208,8.899,9.028
1773849600000,9.204,9.337,8.896,8.962
1773763200000,9.802,9.926,9.125,9.204
1773676800000,9.719,10.08,9.687,9.803
1773590400000,9.153,9.833,9.121,9.719
1773504000000,9.004,9.32,8.982,9.153
1773417600000,9.269,9.331,8.913,9.004
1773331200000,9.036,9.597,8.963,9.269
1773244800000,8.997,9.152,8.836,9.037
1773158400000,9.133,9.179,8.865,8.995
1773072000000,8.928,9.182,8.847,9.135
1772985600000,8.568,8.97,8.391,8.927
1772899200000,8.754,8.809,8.529,8.568
1772812800000,8.789,8.856,8.67,8.754
1772726400000,9.234,9.324,8.746,8.792
1772640000000,9.503,9.633,9.173,9.233
1772553600000,8.748,9.513,8.683,9.503
1772467200000,9.11,9.273,8.56,8.746
1772380800000,8.917,9.181,8.541,9.108
1772294400000,8.434,9.208,8.403,8.916
1772208000000,8.815,8.819,8.213,8.435
1772121600000,9.122,9.298,8.734,8.816
1772035200000,9.281,9.589,9.027,9.12
1771948800000,8.217,9.332,8.168,9.281
1771862400000,8.419,8.459,8.056,8.216
1771776000000,8.71,8.712,8.174,8.421
1771689600000,8.936,8.995,8.685,8.71
1771603200000,8.829,9.048,8.697,8.936
1771516800000,8.441,8.841,8.345,8.828
1771430400000,8.802,8.804,8.368,8.442
1771344000000,8.776,8.999,8.666,8.802
1771257600000,8.706,8.991,8.664,8.775
1771171200000,8.868,8.991,8.602,8.71
1771084800000,9.041,9.244,8.762,8.867
1770998400000,8.71,9.046,8.689,9.039
1770912000000,8.354,8.824,8.173,8.706
1770825600000,8.239,8.595,8.142,8.355
1770739200000,8.577,8.656,8.127,8.237
1770652800000,8.757,9.018,8.476,8.575
1770566400000,8.888,9.023,8.454,8.758
1770480000000,8.824,9.05,8.785,8.888
1770393600000,8.584,9.044,8.554,8.822
1770307200000,8.467,8.67,7.159,8.583
1770220800000,9.22,9.466,8.306,8.467
1770134400000,9.749,9.893,9.083,9.22
1770048000000,9.932,10.002,9.496,9.747
1769961600000,9.537,10.027,9.025,9.93
1769875200000,10.047,10.177,8.958,9.537
1769788800000,10.772,10.992,9.922,10.047
1769702400000,11.033,11.204,10.587,10.773
1769616000000,11.764,11.942,10.868,11.032
1769529600000,11.999,12.187,11.713,11.766
1769443200000,11.921,12.06,11.825,11.998
1769356800000,11.966,12.131,11.365,11.919
1769270400000,12.153,12.257,11.943,11.965
1769184000000,12.254,12.498,12.127,12.154
1769097600000,12.229,12.408,12.048,12.251
1769011200000,12.437,12.671,11.9,12.233
1768924800000,12.437,12.541,12.028,12.435
1768838400000,12.771,13,12.353,12.436
1768752000000,13.78,13.879,12.335,12.774
1768665600000,13.889,13.894,13.63,13.779
1768579200000,13.487,13.892,13.454,13.888
1768492800000,13.96,13.998,13.431,13.492
1768406400000,14.241,14.4,13.727,13.966
1768320000000,13.578,14.277,13.536,14.232
1768233600000,13.246,13.579,13.002,13.575
1768147200000,13.21,13.518,12.923,13.242
1768060800000,13.163,13.295,13.088,13.209
1767974400000,13.288,13.44,13.062,13.166
1767888000000,13.303,13.429,13.033,13.287
1767801600000,13.371,13.558,13.026,13.303
1767715200000,13.996,14.07,13.296,13.37
1767628800000,13.724,14.235,13.552,13.999
1767542400000,13.493,13.876,13.316,13.724
1767456000000,13.068,13.558,13.064,13.492
1767369600000,13.077,13.44,12.969,13.065
1767283200000,12.394,13.192,12.331,13.077
1767196800000,12.393,12.45,12.153,12.389
1767110400000,12.529,12.585,12.329,12.395
1767024000000,12.401,12.602,12.26,12.526
1766937600000,12.526,13.025,12.252,12.402
1766851200000,12.316,12.563,12.261,12.522
1766764800000,12.176,12.345,12.124,12.317
1766678400000,12.375,12.538,11.985,12.174
1766592000000,12.183,12.424,12.114,12.37
1766505600000,12.287,12.521,12.006,12.184
1766419200000,12.81,12.86,12.075,12.288
1766332800000,12.334,12.959,12.272,12.806
1766246400000,12.623,12.712,12.225,12.334
1766160000000,12.47,12.711,12.379,12.62
1766073600000,12.634,12.753,11.741,12.473
1765987200000,12.57,12.879,12.066,12.634
1765900800000,13.045,13.18,12.493,12.571
1765814400000,12.783,13.13,12.471,13.046
1765728000000,13.471,13.741,12.732,12.78
1765641600000,13.818,13.863,13.424,13.472
1765555200000,13.535,13.967,13.285,13.822
1765468800000,13.519,14.358,13.395,13.535
1765382400000,14.021,14.892,13.429,13.52
1765296000000,14.409,15.006,13.942,14.021
1765209600000,13.74,14.435,13.547,14.411
1765123200000,13.611,14.291,13.425,13.742
1765036800000,13.818,14.084,13.183,13.614
1764950400000,13.941,13.953,13.365,13.818
1764864000000,14.478,14.546,13.745,13.941
