1764777600000,14.395,14.931,14.223,14.479
1764691200000,13.292,14.675,13.23,14.396
1764604800000,11.999,13.413,11.744,13.291
1764518400000,13.248,13.416,11.814,11.999
1764432000000,13.172,13.331,12.915,13.242
1764345600000,13.42,13.423,12.995,13.17
1764259200000,13.465,13.542,13.148,13.418
1764172800000,12.877,13.566,12.877,13.465
1764086400000,12.735,13.217,12.729,12.877
1764000000000,12.62,13.203,12.547,12.735
1763913600000,12.681,12.857,12.302,12.619
1763827200000,11.925,12.727,11.915,12.681
1763740800000,11.915,12.367,11.731,11.92
1763654400000,13.412,13.441,11.613,11.91
1763568000000,13.02,14.004,12.772,13.421
1763481600000,13.709,13.989,12.985,13.019
1763395200000,13.716,13.832,13.061,13.71
1763308800000,13.784,14.284,13.399,13.716
1763222400000,14.172,14.526,13.76,13.783
1763136000000,14.298,14.501,13.586,14.175
1763049600000,15.318,15.371,13.829,14.295
1762963200000,15.378,16.02,14.925,15.32
1762876800000,15.802,16.25,15.185,15.378
1762790400000,16.087,16.8,15.71,15.804
1762704000000,15.823,16.671,15.73,16.087
1762617600000,15.212,15.943,15.025,15.828
1762531200000,15.035,16.223,14.954,15.213
1762444800000,14.469,15.189,14.249,15.033
1762358400000,15.101,15.398,14.381,14.468
1762272000000,15.122,15.234,13.685,15.095
1762185600000,15.299,15.865,14.528,15.12
1762099200000,17.138,17.673,14.515,15.298
1762012800000,17.255,17.641,17.038,17.139
1761926400000,17.284,17.44,16.775,17.258
1761840000000,16.903,17.454,16.324,17.289
1761753600000,18.025,18.683,16.854,16.907
1761667200000,18.375,18.662,17.435,18.025
1761580800000,18.411,18.921,18.02,18.385
1761494400000,18.337,19.06,18.059,18.412
1761408000000,17.99,18.49,17.69,18.336
1761321600000,17.556,18.085,17.474,17.989
1761235200000,17.414,18.098,17.185,17.559
1761148800000,17.476,17.706,16.711,17.407
1761062400000,18.804,18.9,17.13,17.477
1760976000000,18.767,18.964,17.672,18.803
1760889600000,17.406,19.183,16.934,18.769
1760803200000,16.794,17.544,16.533,17.408
1760716800000,16.628,17.004,16.247,16.789
1760630400000,17.659,18.083,15.692,16.627
1760544000000,18.128,18.625,17.538,17.66
1760457600000,19.048,19.365,18,18.128
1760371200000,19.738,20.193,18.083,19.042
1760284800000,18.773,19.839,18.744,19.73
1760198400000,17.973,18.806,16.6,18.77
1760112000000,21.372,21.548,8,17.975
1760025600000,21.501,22.782,21.214,21.366
1759939200000,22,22.677,21.326,21.5
1759852800000,21.998,22.354,21.628,21.994
1759766400000,22.835,23.729,21.849,21.996
1759680000000,22.468,22.98,21.504,22.833
1759593600000,21.845,22.941,21.824,22.467
1759507200000,22.725,23.085,21.765,21.842
1759420800000,22.422,23.134,22.094,22.716
1759334400000,22.4,22.851,21.937,22.42
1759248000000,21.102,22.488,20.999,22.399
1759161600000,21.397,21.893,20.963,21.096
1759075200000,20.98,21.714,20.91,21.387
1758988800000,20.949,21.087,20.428,20.98
1758902400000,20.59,21.241,20.575,20.948
1758816000000,20.871,20.903,19.833,20.597
1758729600000,21.765,21.962,20.38,20.883
1758643200000,21.866,21.995,20.986,21.761
1758556800000,21.197,22.043,21.111,21.854
1758470400000,23.089,23.198,20.121,21.194
1758384000000,23.427,23.487,23.03,23.084
1758297600000,23.6,23.715,23.092,23.417
1758211200000,24.465,24.882,23.331,23.604
1758124800000,22.963,24.496,22.75,24.462
1758038400000,23.467,23.753,22.77,22.971
1757952000000,23.165,23.866,22.977,23.461
1757865600000,24.039,24.428,22.994,23.171
1757779200000,24.831,25.018,23.841,24.045
1757692800000,24.483,25.637,24.429,24.827
1757606400000,23.526,24.822,23.517,24.489
1757520000000,23.679,24.262,23.205,23.52
1757433600000,22.931,23.945,22.85,23.681
1757347200000,23.211,23.817,22.828,22.93
1757260800000,22.411,23.3,22.126,23.217
1757174400000,22.064,22.465,21.867,22.41
1757088000000,22.235,22.554,22.042,22.072
1757001600000,22.478,23.234,22.1,22.238
1756915200000,23.818,23.96,22.457,22.482
1756828800000,22.844,23.83,22.786,23.815
1756742400000,22.794,23.538,22.086,22.845
1756656000000,23.788,23.873,22.715,22.789
1756569600000,23.413,24.059,23.276,23.78
1756483200000,23.447,23.608,22.829,23.414
1756396800000,24.79,25.408,23.121,23.443
1756310400000,24.3,26.025,23.566,24.791
1756224000000,24.179,24.748,23.946,24.296
1756137600000,24.421,24.806,22.881,24.173
1756051200000,25.567,26.619,24.24,24.426
1755964800000,26.003,26.375,25.281,25.571
1755878400000,26.459,27.859,25.531,25.999
1755792000000,25.083,26.76,24.112,26.461
1755705600000,25.95,26.888,24.973,25.082
1755619200000,24.277,26.464,23.371,25.95
1755532800000,25.373,26.727,23.858,24.276
1755446400000,26.29,26.349,24.276,25.375
1755360000000,22.005,26.311,21.937,26.294
1755273600000,21.585,22.174,21.367,22.008
1755187200000,22.762,23.04,21.425,21.594
1755100800000,23.616,24.312,21.493,22.761
1755014400000,24.03,24.73,23.115,23.618
1754928000000,21.963,24.107,20.847,24.023
1754841600000,22.489,22.673,21.192,21.964
1754755200000,21.069,22.7,21.069,22.491
1754668800000,19.208,21.476,19.078,21.061
1754582400000,17.841,19.93,17.622,19.209
1754496000000,16.773,18.093,16.582,17.836
1754409600000,16.256,16.806,16.033,16.772
1754323200000,16.923,17.2,16.206,16.261
1754236800000,16.233,16.955,16.182,16.923
1754150400000,15.78,16.241,15.434,16.233
1754064000000,16.627,16.752,15.661,15.786
1753977600000,17.524,17.864,16.154,16.634
1753891200000,17.6,18.232,16.762,17.524
1753804800000,17.687,17.958,17.205,17.588
1753718400000,18.389,18.665,17.609,17.69
1753632000000,18.853,19.559,18.288,18.389
1753545600000,18.403,19.074,18.221,18.851
1753459200000,17.608,18.492,17.451,18.403
1753372800000,18.473,18.589,17.258,17.606
1753286400000,18.496,18.687,17.156,18.466
1753200000000,19.345,19.757,17.836,18.497
1753113600000,19.803,19.996,18.627,19.349
1753027200000,19.712,20.301,18.882,19.797
1752940800000,17.923,19.95,17.856,19.71
1752854400000,17.916,18.341,17.317,17.924
1752768000000,17.137,19.22,16.776,17.92
1752681600000,16.61,17.322,16.324,17.143
1752595200000,15.571,16.836,15.57,16.611
1752508800000,15.957,16.156,15.143,15.565
1752422400000,15.702,16.47,15.471,15.966
1752336000000,14.83,15.952,14.762,15.696
1752249600000,15.483,15.85,14.705,14.818
1752163200000,14.343,15.877,14.322,15.48
1752076800000,14.019,14.482,13.93,14.34
1751990400000,13.493,14.225,13.451,14.015
1751904000000,13.534,13.672,13.203,13.49
1751817600000,13.437,13.736,13.283,13.533
1751731200000,13.128,13.496,12.99,13.434
1751644800000,13.074,13.264,12.94,13.128
1751558400000,13.611,13.793,13.056,13.076
1751472000000,13.365,14.079,13.365,13.614
1751385600000,13.012,13.375,12.731,13.364
1751299200000,13.377,13.671,12.943,13.009
1751212800000,13.28,13.868,13.124,13.373
1751126400000,13.274,13.481,13.223,13.281
1751040000000,13.045,13.293,12.731,13.273
1750953600000,13.113,13.278,12.771,13.04
1750867200000,13.055,13.56,12.939,13.117
1750780800000,13.355,13.73,13.021,13.055
1750694400000,11.76,13.429,11.403,13.346
1750608000000,11.435,12.095,10.934,11.758
1750521600000,12.491,12.555,11.295,11.44
1750435200000,12.899,12.91,12.297,12.495
1750348800000,12.953,13.278,12.826,12.904
1750262400000,12.891,13.381,12.69,12.952
1750176000000,13.052,13.242,12.629,12.897
1750089600000,13.801,14.16,12.927,13.05
1750003200000,13.179,13.892,12.99,13.797
1749916800000,12.999,13.324,12.836,13.173
1749830400000,13.406,13.599,12.937,13.002
1749744000000,14.252,14.572,12.763,13.405
1749657600000,15.617,15.641,14.045,14.253
1749571200000,15.092,15.659,15.041,15.612
1749484800000,13.932,15.359,13.932,15.094
1749398400000,13.755,14.009,13.538,13.932
1749312000000,13.937,13.96,13.553,13.752
1749225600000,13.533,14.079,13.413,13.936
1749139200000,13.712,13.725,12.642,13.537
1749052800000,14.177,14.183,13.533,13.713
1748966400000,14.332,14.476,13.966,14.175
1748880000000,13.709,14.442,13.593,14.332
1748793600000,13.941,14.128,13.631,13.706
1748707200000,13.875,14.188,13.58,13.936
1748620800000,14.249,14.35,13.398,13.877
1748534400000,15.358,15.502,14.17,14.246
1748448000000,15.447,16.191,15.312,15.354
1748361600000,16,16.153,15.429,15.44
1748275200000,15.765,16.104,15.158,15.996
1748188800000,15.03,15.959,14.884,15.762
1748102400000,15.642,15.695,14.866,15.024
1748016000000,16.2,16.373,15.423,15.64
1747929600000,16.807,17.168,15.776,16.195
1747843200000,16.115,16.896,15.543,16.8
1747756800000,15.536,16.241,15.241,16.109
1747670400000,15.471,16.417,15.356,15.568
1747584000000,16.36,16.399,14.838,15.472
1747497600000,15.313,16.366,15.083,16.345
1747411200000,16.26,16.336,15.123,15.312
1747324800000,16.449,16.719,15.695,16.251
1747238400000,17.01,17.207,15.854,16.452
1747152000000,16.875,17.808,16.77,17.015
1747065600000,16.832,17.024,16.025,16.873
1746979200000,16.619,17.982,16.432,16.836
1746892800000,16.427,17.469,16.307,16.618
1746806400000,15.968,16.532,15.741,16.423
1746720000000,15.236,16.737,15.155,15.96
1746633600000,13.594,15.43,13.462,15.239
1746547200000,13.389,14.086,13.322,13.591
1746460800000,13.568,13.815,13.206,13.37
1746374400000,14.106,14.201,13.53,13.567
1746288000000,14.424,14.448,13.979,14.106
1746201600000,14.784,15.018,14.283,14.428
1746115200000,14.867,15.033,14.499,14.781
1746028800000,14.126,15.038,13.994,14.868
1745942400000,14.909,15.015,13.827,14.128
1745856000000,14.547,15.243,14.414,14.902
1745769600000,14.481,15.107,14.243,14.55
1745683200000,14.921,15.098,14.37,14.482
1745596800000,15.194,15.276,14.669,14.921
1745510400000,14.875,15.353,14.709,15.193
1745424000000,14.85,15.157,14.159,14.869
1745337600000,13.856,15.298,13.722,14.85
1745251200000,13.363,14.086,12.884,13.854
1745164800000,13.109,13.697,13.048,13.357
1745078400000,12.756,13.213,12.703,13.11
1744992000000,12.516,12.928,12.503,12.758
1744905600000,12.444,12.725,12.383,12.516
1744819200000,12.322,12.692,11.905,12.443
1744732800000,12.372,12.529,12.042,12.322
1744646400000,12.719,13.021,12.296,12.372
1744560000000,12.681,13.272,12.387,12.72
1744473600000,13.125,13.295,12.604,12.683
1744387200000,12.557,13.27,12.431,13.114
1744300800000,11.829,12.708,11.674,12.561
1744214400000,11.375,12.831,11.347,11.832
1744128000000,11.424,11.521,10.445,11.372
1744041600000,11.286,11.892,11.087,11.423
1743955200000,12.319,12.342,10.105,11.292
1743868800000,12.631,12.957,12.068,12.319
1743782400000,12.741,13.09,12.578,12.633
1743696000000,12.562,13.191,12.352,12.735
1743609600000,14.067,14.405,12.303,12.561
1743523200000,14.311,14.394,13.325,14.052
1743436800000,13.559,14.394,13.416,14.315
1743350400000,13.607,13.724,12.96,13.546
1743264000000,13.643,13.869,13.374,13.612
1743177600000,14.163,14.413,13.546,13.637
1743091200000,15.564,15.689,14.149,14.166
1743004800000,15.298,15.799,14.944,15.564
1742918400000,15.33,15.999,15.223,15.299
1742832000000,15.207,15.59,14.866,15.34
1742745600000,14.429,15.41,14.149,15.207
1742659200000,14.23,14.502,14.157,14.426
1742572800000,13.881,14.342,13.825,14.232
1742486400000,14.347,14.429,13.842,13.885
1742400000000,14.623,15.17,14.196,14.349
1742313600000,13.596,14.684,13.456,14.619
1742227200000,13.756,14.275,13.538,13.601
1742140800000,13.481,13.948,13.213,13.755
1742054400000,14.06,14.189,13.331,13.481
1741968000000,14.374,14.687,13.609,14.037
1741881600000,13.022,14.681,12.72,14.373
1741795200000,13.068,13.609,12.975,13.025
1741708800000,12.989,13.808,12.65,13.079
1741622400000,13.485,13.535,11.852,12.989
1741536000000,14.303,14.567,13.257,13.484
1741449600000,15.306,15.583,14.255,14.304
1741363200000,16.923,17.003,15.183,15.306
1741276800000,17.253,17.53,15.869,16.92
1741190400000,15.692,17.666,15.571,17.243
1741104000000,13.83,16.505,13.074,15.691
1741017600000,16.262,16.439,13.337,13.829
1740931200000,15.277,17.549,15.253,16.262
1740844800000,14.475,15.526,14.415,15.257
1740758400000,14.614,15.01,14.222,14.486
1740672000000,15.385,15.494,13.457,14.611
1740585600000,15.546,15.78,14.671,15.389
1740499200000,14.755,15.781,14.511,15.54
1740412800000,16.217,16.505,14.025,14.751
1740326400000,17.472,17.744,16.049,16.214
1740240000000,17.788,18.128,17.44,17.464
1740153600000,18.387,18.546,17.13,17.788
1740067200000,17.872,19.052,17.86,18.377
1739980800000,17.808,18.474,17.728,17.878
1739894400000,17.686,18.208,17.277,17.812
1739808000000,19.243,19.507,17.569,17.687
1739721600000,18.899,19.789,18.359,19.244
1739635200000,18.954,19.262,18.69,18.898
1739548800000,19.506,19.847,18.838,18.946
1739462400000,18.489,19.622,18.2,19.493
1739376000000,18.135,19.505,17.957,18.503
1739289600000,19.102,19.177,17.629,18.126
1739203200000,18.59,19.789,18.492,19.073
1739116800000,18.731,19.124,17.435,18.581
1739030400000,18.058,19.007,17.886,18.729
1738944000000,19.381,19.391,17.793,18.054
