1738857600000,18.707,19.869,18.41,19.373
1738771200000,19.638,19.934,18.567,18.703
1738684800000,20.538,21.276,19.321,19.638
1738598400000,20.408,22.022,19.448,20.538
1738512000000,22.185,22.201,15.375,20.408
1738425600000,24.472,24.635,21.866,22.186
1738339200000,25.905,26.474,24.258,24.469
1738252800000,24.86,26.098,24.131,25.896
1738166400000,22.755,25.229,22.326,24.846
1738080000000,23.931,23.96,22.35,22.768
1737993600000,23.69,24.68,22.781,23.929
1737907200000,25.451,26.391,22.181,23.68
1737820800000,25.133,25.883,24.8,25.457
1737734400000,26.149,26.247,24.701,25.138
1737648000000,25.471,26.433,24.583,26.137
1737561600000,25.42,25.927,23.983,25.472
1737475200000,25.839,27.2,25.32,25.4
1737388800000,25.881,26.473,23.675,25.85
1737302400000,25.407,26.942,23.395,25.858
1737216000000,24.074,25.942,22.198,25.417
1737129600000,24.448,25.67,23.427,24.074
1737043200000,23.307,24.512,22.794,24.436
1736956800000,21.604,23.341,21.25,23.312
1736870400000,20.146,21.759,19.984,21.6
1736784000000,18.942,20.388,18.23,20.153
1736697600000,20.157,20.452,17.813,18.937
1736611200000,19.987,20.688,19.792,20.153
1736524800000,19.991,20.49,19.784,19.982
1736438400000,20.202,20.533,19.141,19.981
1736352000000,20.673,20.73,19.309,20.196
1736265600000,22.058,22.2,20.463,20.672
1736179200000,24.379,24.799,21.686,22.062
1736092800000,23.297,24.493,23.018,24.376
1736006400000,23.164,24.044,22.857,23.27
1735920000000,23.478,23.93,22.88,23.16
1735833600000,22.216,23.499,21.643,23.464
1735747200000,20.568,22.921,20.354,22.216
1735660800000,20.826,20.847,19.7,20.559
1735574400000,20.308,21.341,20.123,20.817
1735488000000,21.448,21.827,20.096,20.322
1735401600000,21.484,22.379,21.277,21.446
1735315200000,22.309,22.766,21.066,21.471
1735228800000,22.759,23.666,22.229,22.281
1735142400000,24.692,24.783,22.681,22.754
1735056000000,24.65,25.998,24.387,24.654
1734969600000,22.141,24.977,22.08,24.668
1734883200000,21.806,23.454,21.317,22.145
1734796800000,22.886,22.934,21.54,21.806
1734710400000,22.703,24.94,22.261,22.887
1734624000000,24.175,24.378,20.019,22.703
1734537600000,27.096,27.98,23.34,24.193
1734451200000,27.616,28.407,26.536,27.099
1734364800000,30.283,30.43,27.487,27.63
1734278400000,29.134,30.826,28.021,30.271
1734192000000,30.354,30.468,28.285,29.134
1734105600000,27.611,30.772,27.571,30.354
1734019200000,28.215,30.963,26.741,27.621
1733932800000,23.91,29.46,23.386,28.231
1733846400000,21.337,24.238,20.258,23.909
1733760000000,24.392,24.652,19.264,21.317
1733673600000,26.234,27.354,24.285,24.393
1733587200000,24.979,27.4,24.427,26.233
1733500800000,23.775,26.848,23.724,24.981
1733414400000,24.279,24.596,22.324,23.767
1733328000000,25.354,25.472,22.987,24.276
1733241600000,23.981,26.5,23.417,25.328
1733155200000,21.793,26.892,21.082,23.983
1733068800000,18.824,21.842,18.432,21.799
1732982400000,18.88,19.443,18.443,18.824
1732896000000,18.045,18.969,17.833,18.872
1732809600000,17.507,18.393,17.493,18.041
1732723200000,18.073,18.992,17.485,17.505
1732636800000,16.922,18.512,16.687,18.058
1732550400000,18.506,18.774,16.193,16.92
1732464000000,16.331,19.056,16.259,18.508
1732377600000,17.914,18.39,16.106,16.331
1732291200000,15.413,17.924,15.157,17.918
1732204800000,14.814,15.558,14.68,15.411
1732118400000,15,15.375,13.838,14.811
1732032000000,14.757,15.323,14.176,14.998
1731945600000,15.155,16,14.578,14.754
1731859200000,13.928,15.195,13.562,15.151
1731772800000,14.155,14.894,13.781,13.927
1731686400000,13.186,14.537,13.156,14.163
1731600000000,12.959,13.656,12.713,13.193
1731513600000,14.223,14.346,12.818,12.96
1731427200000,13.95,14.378,13.063,14.232
1731340800000,14.31,15.342,13.673,13.949
1731254400000,14.586,14.848,13.613,14.306
1731168000000,13.53,14.759,13.296,14.587
1731081600000,13.27,13.75,12.977,13.522
1730995200000,12.448,13.407,12.306,13.27
1730908800000,11.81,12.707,11.799,12.449
1730822400000,10.78,11.955,10.615,11.808
1730736000000,10.395,10.9,10.066,10.77
1730649600000,10.705,10.909,10.368,10.395
1730563200000,11.176,11.272,10.535,10.71
1730476800000,11.324,11.581,11.074,11.181
1730390400000,11.781,11.787,11.189,11.316
1730304000000,12.216,12.461,11.718,11.778
1730217600000,11.549,12.381,11.466,12.214
1730131200000,10.817,11.58,10.743,11.55
1730044800000,11.11,11.19,10.707,10.816
1729958400000,10.852,11.123,10.821,11.11
1729872000000,11.822,11.932,10.797,10.858
1729785600000,11.44,12.094,11.364,11.826
1729699200000,11.325,11.54,11.011,11.44
1729612800000,12.139,12.143,11.247,11.329
1729526400000,11.666,12.342,11.566,12.14
1729440000000,11.889,12.035,11.543,11.664
1729353600000,11.383,11.926,11.281,11.89
1729267200000,11.454,11.607,11.299,11.388
1729180800000,11.112,11.489,10.848,11.458
1729094400000,11.166,11.369,10.914,11.113
1729008000000,11.144,11.534,11.106,11.16
1728921600000,11.263,11.695,10.936,11.136
1728835200000,10.688,11.284,10.607,11.261
1728748800000,11.086,11.147,10.637,10.686
1728662400000,10.86,11.149,10.83,11.085
1728576000000,10.632,10.89,10.254,10.862
1728489600000,10.715,10.744,10.393,10.631
1728403200000,10.932,11.047,10.558,10.71
1728316800000,11.52,11.599,10.864,10.935
1728230400000,11.301,11.756,11.159,11.521
1728144000000,11.353,11.4,11.078,11.301
1728057600000,11.169,11.38,10.984,11.356
1727971200000,10.534,11.171,10.379,11.168
1727884800000,10.92,11.049,10.339,10.536
1727798400000,11.428,11.477,10.782,10.929
1727712000000,11.932,12.257,11.168,11.438
1727625600000,12.593,12.729,11.921,11.932
1727539200000,12.834,12.976,12.475,12.6
1727452800000,12.717,12.936,12.364,12.828
1727366400000,12.596,12.853,12.431,12.717
1727280000000,12.367,12.644,11.873,12.595
1727193600000,11.518,12.497,11.474,12.367
1727107200000,11.506,11.629,11.204,11.507
1727020800000,11.032,11.586,10.845,11.505
1726934400000,11.393,11.549,11.025,11.039
1726848000000,11.535,11.55,11.21,11.389
1726761600000,11.221,11.733,11.123,11.53
1726675200000,10.322,11.346,10.293,11.221
1726588800000,10.866,10.873,10.289,10.321
1726502400000,10.556,10.914,10.418,10.85
1726416000000,11.218,11.218,10.451,10.557
1726329600000,11.366,11.414,11.129,11.228
1726243200000,11.299,11.564,11.229,11.372
1726156800000,10.541,11.351,10.537,11.304
1726070400000,10.343,10.712,10.335,10.542
1725984000000,10.462,10.742,10.169,10.35
1725897600000,10.388,10.741,10.335,10.463
1725811200000,10.173,10.824,10.123,10.388
1725724800000,10.129,10.374,9.933,10.167
1725638400000,9.68,10.159,9.282,10.128
1725552000000,9.998,10.179,9.579,9.69
1725465600000,10.395,10.497,9.943,10.001
1725379200000,10.296,10.515,9.816,10.393
1725292800000,10.653,10.875,10.277,10.303
1725206400000,10.697,10.792,10.228,10.65
1725120000000,11.09,11.11,10.524,10.694
1725033600000,10.54,11.206,10.5,11.076
1724947200000,11.337,11.372,10.509,10.54
1724860800000,11.303,11.48,11.035,11.342
1724774400000,11.518,11.704,10.9,11.308
1724688000000,12.191,12.252,11.484,11.519
1724601600000,12.201,12.7,11.95,12.193
1724515200000,12.23,12.56,11.947,12.2
1724428800000,11.673,12.245,11.629,12.238
1724342400000,11.46,11.823,11.314,11.675
1724256000000,10.407,11.562,10.375,11.463
1724169600000,10.11,10.455,10.086,10.409
1724083200000,10.033,10.554,9.949,10.119
1723996800000,10.39,10.471,9.944,10.043
1723910400000,10.095,10.441,10.058,10.388
1723824000000,10.022,10.262,9.964,10.092
1723737600000,10.635,10.686,9.911,10.028
1723651200000,10.463,10.693,10.267,10.637
1723564800000,10.307,10.739,10.201,10.466
1723478400000,10.591,10.646,10.093,10.313
1723392000000,10.392,10.752,9.94,10.593
1723305600000,10.576,10.841,10.323,10.401
1723219200000,10.177,10.701,10.155,10.576
1723132800000,10.2,10.838,10.165,10.18
1723046400000,9.81,10.312,9.346,10.198
1722960000000,10.371,10.48,9.647,9.813
1722873600000,9.44,10.422,9.17,10.38
1722787200000,11.029,11.208,8.056,9.439
1722700800000,11.812,11.849,11.005,11.028
1722614400000,12.092,12.135,11.605,11.82
1722528000000,12.51,12.964,11.795,12.097
1722441600000,13.081,13.153,12.5,12.514
1722355200000,13.548,13.57,12.98,13.08
1722268800000,13.547,13.792,13.378,13.551
1722182400000,13.425,13.902,13.191,13.557
1722096000000,13.624,13.737,13.262,13.428
1722009600000,13.518,13.873,13.41,13.622
1721923200000,12.834,13.566,12.47,13.517
1721836800000,13.735,13.878,12.712,12.831
1721750400000,13.808,14.012,13.489,13.734
1721664000000,14.15,14.228,13.645,13.805
1721577600000,14.445,15.008,13.978,14.148
1721491200000,14.09,14.717,13.944,14.451
1721404800000,13.88,14.224,13.846,14.094
1721318400000,13.533,13.899,13.343,13.879
1721232000000,14.125,14.152,13.528,13.533
1721145600000,14.434,14.625,14.097,14.131
1721059200000,13.884,14.513,13.812,14.437
1720972800000,13.268,13.978,13.2,13.881
1720886400000,13.046,13.28,12.88,13.27
1720800000000,12.677,13.096,12.553,13.046
1720713600000,12.72,12.859,12.229,12.677
1720627200000,12.903,13.166,12.545,12.709
1720540800000,12.867,13.17,12.686,12.904
1720454400000,12.817,13.321,12.716,12.877
1720368000000,12.531,13.529,11.78,12.836
1720281600000,12.689,13.282,12.423,12.524
1720195200000,12.316,12.764,12.168,12.689
1720108800000,13.077,13.15,11.038,12.317
1720022400000,14.388,14.483,12.603,13.079
1719936000000,14.496,14.6,14.066,14.391
1719849600000,14.389,14.755,14.247,14.493
1719763200000,13.702,14.484,13.628,14.39
1719676800000,13.683,13.75,13.45,13.696
1719590400000,14.37,14.425,13.566,13.682
1719504000000,14.087,14.604,14.029,14.37
1719417600000,13.949,14.244,13.583,14.085
1719331200000,14.101,14.295,13.832,13.946
1719244800000,13.179,14.161,13.003,14.097
1719158400000,13.458,13.686,12.584,13.181
1719072000000,13.742,13.77,13.379,13.457
1718985600000,14.302,14.354,13.576,13.744
1718899200000,14.334,14.594,14.043,14.315
1718812800000,14.192,14.861,14.16,14.346
1718726400000,13.561,14.425,13.269,14.194
1718640000000,14.284,14.837,12.892,13.573
1718553600000,15.149,15.223,14.135,14.294
1718467200000,14.991,15.2,14.573,15.167
1718380800000,15.198,15.209,14.47,14.99
1718294400000,15.096,15.475,15.05,15.191
1718208000000,16.081,16.233,15.079,15.101
1718121600000,14.875,16.135,14.661,16.069
1718035200000,16.177,16.198,14.792,14.872
1717948800000,16.006,16.387,15.755,16.175
1717862400000,15.92,16.11,15.675,16.004
1717776000000,17.594,17.624,15.243,15.927
1717689600000,17.467,17.725,17.1,17.596
1717603200000,17.738,17.959,17.265,17.461
1717516800000,17.791,18.078,17.556,17.738
1717430400000,17.949,17.96,17.478,17.79
1717344000000,18.35,18.369,17.799,17.938
1717257600000,18.6,18.664,18.188,18.349
1717171200000,17.562,18.744,17.461,18.596
1717084800000,18.295,18.425,17.532,17.56
1716998400000,18.871,19.207,18.054,18.3
1716912000000,18.177,19.219,17.982,18.882
1716825600000,18.019,18.869,17.854,18.169
1716739200000,17.133,18.038,16.88,18.019
1716652800000,17.184,17.913,17.071,17.137
1716566400000,17.209,17.537,16.913,17.183
1716480000000,16.122,17.783,15.427,17.206
1716393600000,16.556,16.81,15.675,16.115
1716307200000,16.607,16.93,16.175,16.557
1716220800000,16.491,17.464,16.363,16.607
1716134400000,16.961,17.246,16.298,16.479
1716048000000,16.457,17.001,16.164,16.974
1715961600000,16.099,16.568,15.983,16.46
1715875200000,13.771,16.77,13.721,16.095
1715788800000,13.626,14.066,13.536,13.768
1715702400000,13.261,13.691,12.846,13.618
1715616000000,13.499,13.676,13.097,13.265
1715529600000,13.534,13.675,13.078,13.498
1715443200000,13.496,13.565,13.275,13.52
1715356800000,13.825,13.838,13.418,13.498
1715270400000,14.057,14.375,13.728,13.833
1715184000000,14.006,14.211,13.698,14.057
1715097600000,14.493,14.544,13.686,14.003
1715011200000,14.686,14.766,14.18,14.499
1714924800000,14.516,15.167,14.275,14.688
1714838400000,14.271,14.539,14.11,14.519
1714752000000,13.947,14.419,13.874,14.269
1714665600000,13.627,13.983,13.462,13.961
1714579200000,12.772,13.703,12.665,13.617
1714492800000,13.086,13.276,12.403,12.779
1714406400000,13.979,14.21,12.984,13.098
1714320000000,14.111,14.22,13.713,13.978
1714233600000,13.961,14.442,13.875,14.111
1714147200000,14.68,14.807,13.928,13.955
1714060800000,14.734,14.937,14.346,14.675
1713974400000,14.724,15.03,14.363,14.733
1713888000000,15.252,15.638,14.69,14.724
1713801600000,15.347,15.645,15.19,15.234
1713715200000,14.823,16.035,14.532,15.35
1713628800000,14.602,15.076,14.498,14.821
1713542400000,14,14.604,13.702,14.603
1713456000000,13.599,14.12,12.738,14.01
1713369600000,12.878,13.639,12.719,13.594
1713283200000,12.939,13.609,12.816,12.878
1713196800000,14.112,14.196,12.903,12.94
1713110400000,13.573,14.668,13.131,14.109
1713024000000,14.885,14.941,11.717,13.568
