1738857600000,102,108.19,99.48,106.1
1738771200000,107.55,109.65,101.1,101.96
1738684800000,102.71,109.37,98.41,107.58
1738598400000,103.01,108.92,98.76,102.69
1738512000000,115.32,115.36,79.61,103.06
1738425600000,122.47,123.59,112.99,115.31
1738339200000,130.51,131.25,121.25,122.47
1738252800000,131.1,135.36,125.72,130.51
1738166400000,111.67,134.19,109.83,131.1
1738080000000,114.26,115.06,109.12,111.66
1737993600000,112.27,116.92,109.16,114.26
1737907200000,122.21,122.47,106.12,112.26
1737820800000,128,129.35,121.4,122.21
1737734400000,122.16,128.31,116.44,128.01
1737648000000,115.94,122.99,112.87,122.15
1737561600000,115.76,118.12,111.1,115.93
1737475200000,120.01,122.75,114.65,115.76
1737388800000,119.28,124.9,113.06,120.02
1737302400000,124.28,127.41,111.28,119.23
1737216000000,126.29,128.69,114.2,124.24
1737129600000,134.86,139.56,123.54,126.28
1737043200000,126.65,141.13,122.47,134.86
1736956800000,105.21,127.15,104.36,126.66
1736870400000,100.63,106.18,99.73,105.2
1736784000000,96.25,100.98,94.22,100.64
1736697600000,102.91,104.5,92.52,96.24
1736611200000,103.26,105.27,102.16,102.9
1736524800000,104.73,106.26,102.67,103.26
1736438400000,105.17,106.11,100.59,104.69
1736352000000,102.81,105.5,97.18,105.19
1736265600000,106.17,106.73,100.54,102.8
1736179200000,114.37,117.31,104.26,106.18
1736092800000,112.28,116.9,111.57,114.36
1736006400000,110.74,112.98,110.46,112.27
1735920000000,109.37,114.86,108.9,110.76
1735833600000,106.29,109.78,104.1,109.37
1735747200000,104.91,108.75,103.97,106.29
1735660800000,104.22,105.86,101.54,104.93
1735574400000,98.37,104.8,97.34,104.18
1735488000000,100.75,103.01,96.83,98.37
1735401600000,99.74,101.75,99.4,100.75
1735315200000,101,103.55,98.67,99.75
1735228800000,102.58,106.48,100.44,101.03
1735142400000,108.42,110.35,102.22,102.63
1735056000000,110.39,110.8,107.16,108.37
1734969600000,99.66,110.8,99.45,110.4
1734883200000,100.62,105.94,97.54,99.68
1734796800000,100.71,103.91,96.71,100.62
1734710400000,96.1,106.02,95.73,100.69
1734624000000,106.66,107.4,86.43,96.1
1734537600000,116.95,118.06,103.19,106.66
1734451200000,115.67,131.4,114.42,116.91
1734364800000,118.31,122.72,114.6,115.68
1734278400000,120.05,123.97,115.41,118.3
1734192000000,119.93,120.61,114.23,120.05
1734105600000,118.37,125.3,117.51,119.97
1734019200000,121.72,125,117.04,118.4
1733932800000,116.73,124,114.42,121.73
1733846400000,104.93,118.28,101.25,116.7
1733760000000,123.16,124.44,97.25,104.92
1733673600000,134.39,135.81,120.55,123.17
1733587200000,137.22,137.45,130.09,134.33
1733500800000,132.56,138.62,131.88,137.23
1733414400000,143.61,147,129.75,132.54
1733328000000,128.59,146.28,122,143.68
1733241600000,126.54,135.18,125.78,128.58
1733155200000,123.14,139.66,118.09,126.54
1733068800000,108.66,129.8,105.47,123.13
1732982400000,102.01,110.69,99.37,108.66
1732896000000,101.45,105,100.16,101.99
1732809600000,93.91,101.56,93.91,101.45
1732723200000,97.29,99,93.67,93.91
1732636800000,90.48,97.36,88.88,97.25
1732550400000,95.87,96.76,87.79,90.47
1732464000000,92.34,99.24,92.1,95.86
1732377600000,102.91,106.45,91.51,92.33
1732291200000,89.91,105.33,89.19,102.89
1732204800000,88.41,92.72,87.7,89.92
1732118400000,86.47,92.04,81.59,88.39
1732032000000,87.25,88.3,83.26,86.45
1731945600000,90.39,90.79,85.8,87.27
1731859200000,88.41,94.81,84.86,90.39
1731772800000,88.84,98.46,86.85,88.42
1731686400000,82.56,94.64,81.62,88.84
1731600000000,78.59,87.37,78.02,82.56
1731513600000,76.53,85,73.19,78.6
1731427200000,75.7,78.35,71.87,76.53
1731340800000,78.42,82.74,74.06,75.7
1731254400000,77.65,78.49,73.45,78.42
1731168000000,72.39,78.15,71.59,77.66
1731081600000,72.49,73.97,71.09,72.36
1730995200000,71.4,72.97,70.62,72.47
1730908800000,69.76,72.28,69.06,71.4
1730822400000,66.1,70.92,64.87,69.76
1730736000000,66.88,67.3,64.44,66.07
1730649600000,65.92,67.71,65.37,66.88
1730563200000,69.68,69.74,65.26,65.92
1730476800000,70.09,71.25,68.84,69.67
1730390400000,70.3,70.89,67.72,70.09
1730304000000,72.28,72.48,69.71,70.31
1730217600000,73.27,74.37,71.5,72.28
1730131200000,69.91,73.28,69.61,73.25
1730044800000,70.76,71.62,69.88,69.91
1729958400000,68.36,70.86,68.02,70.77
1729872000000,71.98,72.14,66.82,68.39
1729785600000,70.94,72.27,70.75,72
1729699200000,69.08,71.11,67.8,70.92
1729612800000,69.74,70.2,68.5,69.08
1729526400000,71.37,71.59,69.31,69.76
1729440000000,74.86,74.9,71.02,71.36
1729353600000,74.99,75.87,74.06,74.86
1729267200000,73.27,76.2,72.26,74.98
1729180800000,72.23,74.84,71.31,73.28
1729094400000,69.93,72.37,69.34,72.2
1729008000000,66.28,73,66.24,69.94
1728921600000,66.96,68.22,65.28,66.28
1728835200000,64.67,67.13,64.13,66.96
1728748800000,66.36,66.6,64.5,64.66
1728662400000,65.43,66.65,65.08,66.37
1728576000000,64.4,65.49,63.25,65.45
1728489600000,65.29,65.36,63.88,64.4
1728403200000,65.53,66.16,64.76,65.28
1728316800000,65.89,66.37,64.46,65.55
1728230400000,67.35,67.98,65.54,65.9
1728144000000,66.16,67.65,65.07,67.35
1728057600000,64.57,66.19,64.51,66.17
1727971200000,62.76,64.6,62.2,64.57
1727884800000,63.76,64.2,61.91,62.76
1727798400000,65.29,65.65,61.99,63.76
1727712000000,66.61,68.56,63.55,65.3
1727625600000,69.85,70.3,66.52,66.59
1727539200000,69.76,70.18,68.5,69.84
1727452800000,70.08,71.5,69,69.75
1727366400000,68.23,70.54,67.56,70.04
1727280000000,67.34,68.3,65.64,68.23
1727193600000,65.76,67.85,65.76,67.38
1727107200000,67.82,68.04,65.69,65.76
1727020800000,66.85,69.3,66.43,67.81
1726934400000,66.64,67.56,66.34,66.86
1726848000000,64.97,66.69,64.34,66.66
1726761600000,65.35,66.43,64.61,64.95
1726675200000,62.65,65.91,62.44,65.34
1726588800000,63.89,64.35,62.39,62.68
1726502400000,62.79,64.01,61.94,63.88
1726416000000,64.51,64.55,62.4,62.78
1726329600000,66.54,66.74,64.48,64.51
1726243200000,64.94,66.75,64.27,66.57
1726156800000,62.18,65.02,62.16,64.93
1726070400000,61.41,62.51,61.37,62.19
1725984000000,60.68,62,60.08,61.42
1725897600000,60.1,62,60.04,60.68
1725811200000,60.61,61.26,59.65,60.1
1725724800000,62.95,63.02,60.57,60.61
1725638400000,63.97,64.19,61.18,62.98
1725552000000,65.21,66.8,63.41,63.97
1725465600000,65.8,68.55,64.63,65.18
1725379200000,64.87,66.21,62.05,65.78
1725292800000,64.32,66.34,64.31,64.81
1725206400000,64.39,65.15,62.59,64.32
1725120000000,65.53,65.62,63.74,64.41
1725033600000,61.79,66.45,61.57,65.51
1724947200000,63.39,64.05,61.1,61.76
1724860800000,60.82,63.52,59.4,63.39
1724774400000,62.96,64,58.99,60.83
1724688000000,64.32,64.4,61.92,62.97
1724601600000,65.27,65.52,63.52,64.32
1724515200000,67.33,68.02,64.45,65.25
1724428800000,64.8,67.56,64.66,67.32
1724342400000,63.02,64.93,62.95,64.79
1724256000000,62.56,64.8,62.04,63.05
1724169600000,63.66,64.94,62.15,62.57
1724083200000,66.33,67.3,63.46,63.67
1723996800000,66.98,67.43,65.89,66.35
1723910400000,67.4,68.15,66.51,66.95
1723824000000,65.7,67.88,65.57,67.37
1723737600000,65.95,66.9,63.76,65.75
1723651200000,64.15,66.15,63.46,65.94
1723564800000,63.02,64.52,62.58,64.17
1723478400000,61.42,63.11,60.37,62.99
1723392000000,60.14,61.94,58.79,61.4
1723305600000,60.97,62.38,59.43,60.13
1723219200000,59.69,61.53,59.52,60.96
1723132800000,59.48,62.03,59.31,59.69
1723046400000,57.09,59.52,55.18,59.46
1722960000000,58.74,59.5,55.93,57.09
1722873600000,56.79,59.05,54.77,58.75
1722787200000,63.02,63.96,49.6,56.82
1722700800000,64.85,65.25,62.56,63.03
1722614400000,65.53,66.37,63.17,64.86
1722528000000,68.37,69.96,63.98,65.55
1722441600000,71.34,71.86,68.11,68.38
1722355200000,73.24,73.45,71.06,71.36
1722268800000,74.57,74.77,72.87,73.25
1722182400000,70.83,76.78,70.76,74.58
1722096000000,71.67,72.33,70.26,70.83
1722009600000,71.39,72.25,70.93,71.68
1721923200000,68.47,71.69,67.69,71.39
1721836800000,73.1,73.34,67.27,68.47
1721750400000,72.32,73.65,70.41,73.11
1721664000000,72.01,73.11,70.51,72.32
1721577600000,73.4,74.61,71.25,72
1721491200000,73.56,73.89,72.43,73.39
1721404800000,71.98,74.09,71.98,73.53
1721318400000,71.29,72,69.69,71.98
1721232000000,72.1,72.92,71.13,71.29
1721145600000,73.78,74.24,72.01,72.12
1721059200000,70.24,74.09,70.16,73.79
1720972800000,69.46,71.08,69.24,70.28
1720886400000,70.19,70.5,69.23,69.46
1720800000000,68.86,70.68,68.47,70.17
1720713600000,68.08,69.3,66.78,68.86
1720627200000,66.76,69.13,66.34,68.09
1720540800000,65.9,66.86,64.51,66.75
1720454400000,64.29,66.29,63.8,65.91
1720368000000,63.47,67.06,59.21,64.28
1720281600000,64.43,65.65,62.43,63.47
1720195200000,61.13,64.56,60.68,64.44
1720108800000,68.99,68.99,56.5,61.14
1720022400000,74.43,75.06,67.21,68.99
1719936000000,74.95,76.2,73.34,74.43
1719849600000,74.72,75.48,74.28,74.91
1719763200000,74.73,75.96,74.12,74.67
1719676800000,74.75,76.9,74.21,74.72
1719590400000,72.88,75.24,72.61,74.74
1719504000000,72.2,74.74,72.05,72.91
1719417600000,71.36,72.89,70.38,72.19
1719331200000,71.34,72.03,70.27,71.35
1719244800000,68.83,71.49,67.39,71.32
1719158400000,74.82,75.1,68.53,68.85
1719072000000,74.16,74.92,74,74.84
1718985600000,73.06,74.79,72.72,74.18
1718899200000,73.8,75.09,72.17,73.05
1718812800000,73.94,75.35,73.43,73.8
1718726400000,72.07,74.95,70.64,73.96
1718640000000,76.41,78.08,71,72.06
1718553600000,79.17,79.3,76.27,76.41
1718467200000,78.51,80.15,78.47,79.16
1718380800000,78.83,79.2,76.26,78.49
1718294400000,78.05,80.29,77.77,78.82
1718208000000,78.73,79.52,77.03,78.04
1718121600000,76.45,79.25,76.11,78.69
1718035200000,80.4,80.43,75.58,76.47
1717948800000,80.52,80.7,79.07,80.36
1717862400000,79.4,80.6,79.06,80.52
1717776000000,83.56,83.78,75,79.46
1717689600000,85.6,85.82,83.07,83.56
1717603200000,84.55,85.69,84.42,85.59
1717516800000,82.75,84.74,82.59,84.56
1717430400000,83.37,83.43,81.1,82.71
1717344000000,83.1,84.3,82.23,83.36
1717257600000,83.49,83.59,82.2,83.09
1717171200000,82.62,83.8,82.02,83.48
1717084800000,85.24,85.54,82.01,82.64
1716998400000,83.75,85.46,81.88,85.25
1716912000000,82.97,84.19,82.05,83.76
1716825600000,86.05,86.43,82.45,82.95
1716739200000,84.16,86.16,83.56,86.05
1716652800000,84.86,85.28,83.94,84.16
1716566400000,84.63,85.98,84.04,84.85
1716480000000,85.54,86.49,80.24,84.63
1716393600000,87.36,87.96,85.1,85.54
1716307200000,88.46,89.34,84.88,87.34
1716220800000,83.64,89.63,83.54,88.46
1716134400000,82.89,84.25,81.74,83.64
1716048000000,84,84.4,82.16,82.9
1715961600000,83.88,84.83,82.76,84.01
1715875200000,82.38,83.95,81.86,83.87
1715788800000,80.59,82.84,80.52,82.39
1715702400000,79.67,81.17,78.24,80.61
1715616000000,81.79,82.19,78.18,79.68
1715529600000,82,82.7,78.91,81.79
1715443200000,80.87,82.13,80.74,81.95
1715356800000,80.81,82.33,79.54,80.86
1715270400000,81.72,83.48,79.95,80.83
1715184000000,81.72,82.83,80.42,81.73
1715097600000,81.94,82.68,79.37,81.72
1715011200000,81.78,82.44,79.79,81.95
1714924800000,81.57,84.27,80.01,81.76
1714838400000,82.35,82.57,80.38,81.58
1714752000000,81.94,83.01,81.28,82.34
1714665600000,80.61,82.14,79.24,81.92
1714579200000,77.19,80.91,76.98,80.58
1714492800000,78.77,80.1,74.6,77.22
1714406400000,83.5,84.52,78,78.77
1714320000000,85,85.64,81.72,83.47
1714233600000,84.71,85.4,83.05,84.98
1714147200000,86.98,88.64,84.36,84.72
1714060800000,83.71,88.55,83.08,86.95
1713974400000,84.87,85.79,81.84,83.71
1713888000000,84.71,87.69,84.28,84.89
1713801600000,85,86.49,83.97,84.66
1713715200000,84.38,86.11,82.73,85.02
1713628800000,83.82,85.97,83.28,84.38
1713542400000,81.59,83.85,79.65,83.85
1713456000000,81.62,82.27,75.76,81.59
1713369600000,77.42,82.55,76.45,81.61
1713283200000,77.45,80.57,76.27,77.38
1713196800000,79.35,79.92,75.3,77.47
1713110400000,77.8,82.86,75.45,79.35
1713024000000,85.5,85.66,70.53,77.8
