1790611200000,70.06,70.86,67.03,67.48
1790524800000,71.17,72.49,68.67,70.09
1790438400000,72.99,73.4,70.37,71.15
1790352000000,70.18,75,69.21,72.98
1790265600000,73.82,74.89,69.01,70.18
1790179200000,59.48,74.72,58.92,73.77
1790092800000,61.39,64.63,58.78,59.5
1790006400000,62.93,63.55,59.79,61.39
1789920000000,57.62,63.85,57.43,62.93
1789833600000,58.02,58.47,56.47,57.63
1789747200000,55.93,59.19,55.82,58
1789660800000,53.73,56.17,53.35,55.9
1789574400000,50.45,53.73,50.14,53.72
1789488000000,51.86,52.25,50.24,50.46
1789401600000,53.67,54.5,51.37,51.86
1789315200000,54.5,55.27,53.34,53.68
1789228800000,54.05,54.58,53.26,54.51
1789142400000,53.36,54.25,52.86,54.05
1789056000000,52.23,54.3,51.67,53.35
1788969600000,54.06,54.55,51.66,52.22
1788883200000,54.96,54.99,53.3,54.06
1788796800000,55.41,56.25,54.4,54.98
1788710400000,54.48,59.4,53.91,55.4
1788624000000,53.71,55.35,53.38,54.48
1788537600000,50.26,54.41,50.2,53.68
1788451200000,51.32,51.86,49.8,50.26
1788364800000,49.41,51.35,49.27,51.3
1788278400000,49.88,50.11,48.51,49.42
1788192000000,48.54,49.98,48.28,49.87
1788105600000,50.03,50.14,47.38,48.54
1788019200000,49.07,50.12,48.57,50.03
1787932800000,48.59,49.58,47.96,49.07
1787846400000,50.2,50.5,48.42,48.57
1787760000000,49.54,50.58,49.4,50.18
1787673600000,51.18,51.26,49.2,49.55
1787587200000,52.38,52.99,50.31,51.19
1787500800000,52.03,54.09,51.29,52.37
1787414400000,51.96,53.71,50.58,52.03
1787328000000,51.84,55.43,50.1,51.95
1787241600000,48.03,52.06,47.69,51.85
1787155200000,45.7,48.21,45.57,48.04
1787068800000,44.22,46.19,44.21,45.7
1786982400000,44.35,44.75,44.15,44.22
1786896000000,44.73,44.75,43.84,44.36
1786809600000,44.28,44.82,44.05,44.72
1786723200000,43.93,44.3,43.4,44.28
1786636800000,44.71,44.95,43.73,43.93
1786550400000,45.07,45.21,44.65,44.72
1786464000000,45.02,45.68,44.97,45.08
1786377600000,45.23,45.58,44.93,45.03
1786291200000,46.48,46.48,45.08,45.24
1786204800000,45.88,46.5,45.78,46.45
1786118400000,45.96,46.07,45.29,45.88
1786032000000,45.7,46.06,45.34,45.94
1785945600000,45.01,45.75,44.79,45.7
1785859200000,44.38,45.33,44.37,45
1785772800000,44.28,44.57,44.05,44.38
1785686400000,44.76,45.08,44.01,44.27
1785600000000,44.12,44.89,43.62,44.75
1785513600000,44.91,45.01,44.07,44.12
1785427200000,45.16,45.91,44.72,44.91
1785340800000,44.99,45.81,44.34,45.14
1785254400000,46.58,46.62,44.86,45
1785168000000,46.37,46.81,45.88,46.58
1785081600000,47.79,48.26,46.23,46.38
1784995200000,46.1,47.79,46.03,47.75
1784908800000,46.39,46.49,45.8,46.1
1784822400000,46.4,47.6,45.95,46.38
1784736000000,46.85,47.62,46.22,46.41
1784649600000,47.88,47.88,46.35,46.84
1784563200000,47.48,48.16,46.93,47.87
1784476800000,47.2,47.9,46.42,47.5
1784390400000,46.25,47.89,46.03,47.19
1784304000000,44.75,46.71,44.63,46.25
1784217600000,45.23,45.91,44.09,44.74
1784131200000,45.73,45.76,44.35,45.21
1784044800000,44.79,46.11,44.3,45.72
1783958400000,43.47,45,42.92,44.79
1783872000000,44.81,44.89,43.1,43.49
1783785600000,45.16,45.54,44.33,44.8
1783699200000,44.75,45.32,44.38,45.16
1783612800000,43.98,44.8,43.59,44.74
1783526400000,43.35,44.34,43.28,43.98
1783440000000,44.69,44.89,43.18,43.35
1783353600000,45.01,45.64,43.79,44.69
1783267200000,45.45,46.14,43.76,45
1783180800000,45.18,45.71,44.03,45.43
1783094400000,43.62,45.34,43.47,45.17
1783008000000,43.42,43.91,43.1,43.6
1782921600000,42.52,43.92,42.25,43.39
1782835200000,41.72,42.94,41.13,42.52
1782748800000,42.52,43.44,41.59,41.74
1782662400000,42.93,43.29,42.02,42.51
1782576000000,43.11,43.36,41.88,42.92
1782489600000,41.4,43.17,41.34,43.12
1782403200000,40.45,41.97,40.02,41.36
1782316800000,40.71,42,39.29,40.44
1782230400000,41.96,42.42,40.69,40.7
1782144000000,45.14,45.16,41.85,41.96
1782057600000,45.92,45.94,44.38,45.15
1781971200000,44.33,46.07,43.91,45.92
1781884800000,44.45,44.6,43.73,44.32
1781798400000,43.08,44.47,43.06,44.45
1781712000000,45.7,45.91,43,43.09
1781625600000,44.93,46.06,44.88,45.69
1781539200000,46.09,46.35,44.5,44.92
1781452800000,44.04,46.3,43.91,46.08
1781366400000,44.06,44.68,43.57,44.04
1781280000000,42.85,44.12,42.73,44.06
1781193600000,42.12,43.53,41.99,42.84
1781107200000,42.85,42.91,41.26,42.11
1781020800000,41.97,43.52,41.82,42.84
1780934400000,43.13,43.82,41.91,41.98
1780848000000,42.09,43.53,41.1,43.15
1780761600000,42.33,42.71,40.81,42.09
1780675200000,43.19,44.18,40.5,42.37
1780588800000,46.35,46.66,42.66,43.2
1780502400000,47.69,48.01,43.87,46.36
1780416000000,47.81,48.55,46.29,47.66
1780329600000,50.41,51.05,47.43,47.84
1780243200000,51.96,52.32,50.12,50.41
1780156800000,52.39,52.75,51.82,51.96
1780070400000,52.22,52.78,51.54,52.4
1779984000000,51.42,52.32,51.15,52.21
1779897600000,52.68,52.74,50.35,51.41
1779811200000,52.4,52.9,51.63,52.68
1779724800000,52.76,53.16,52.13,52.4
1779638400000,52.79,53.13,52,52.74
1779552000000,52.9,54.23,52.58,52.81
1779465600000,54.03,54.45,51.47,52.87
1779379200000,53.96,54.59,53.61,54.03
1779292800000,54.29,54.67,53.33,53.96
1779206400000,53.84,54.55,53.3,54.26
1779120000000,53.53,54.6,53.41,53.83
1779033600000,56,56.25,53.18,53.54
1778947200000,56.22,56.51,55.77,56
1778860800000,56.92,57.71,55.59,56.23
1778774400000,58.1,59.54,56.39,56.92
1778688000000,56.34,58.26,56.34,58.09
1778601600000,57.29,58.97,56.29,56.35
1778515200000,59.01,59.33,57.06,57.29
1778428800000,59.07,60.58,58.02,59.01
1778342400000,57.79,59.08,57.67,59.07
1778256000000,57.82,59.14,57.38,57.79
1778169600000,56.24,57.87,56.07,57.82
1778083200000,57.09,57.39,56.08,56.24
1777996800000,55.62,57.94,55.41,57.1
1777910400000,55.26,55.93,54.8,55.62
1777824000000,55.35,56.42,54.95,55.25
1777737600000,55.39,55.45,54.86,55.35
1777651200000,55.67,56.01,55.13,55.38
1777564800000,55.62,55.84,54.89,55.63
1777478400000,55.21,55.98,54.33,55.62
1777392000000,55.08,57.71,54.99,55.21
1777305600000,55.18,55.64,54.69,55.08
1777219200000,56.06,56.79,54.95,55.18
1777132800000,56.44,56.54,55.76,56.06
1777046400000,56.59,56.78,56.16,56.45
1776960000000,55.87,56.7,55.11,56.59
1776873600000,56.47,56.5,54.91,55.87
1776787200000,55.38,56.54,54.73,56.46
1776700800000,55.15,55.86,54.68,55.37
1776614400000,55.47,55.55,53.92,55.17
1776528000000,55.84,56,54.68,55.46
1776441600000,56.56,57.13,55.58,55.85
1776355200000,55.88,57.42,55.24,56.55
1776268800000,55.06,55.99,54.58,55.88
1776182400000,54.74,55.25,53.83,55.07
1776096000000,52.94,55.28,52.74,54.73
1776009600000,53.55,53.97,52.67,52.95
1775923200000,54.6,55.7,53.48,53.57
1775836800000,54.91,55.45,54.35,54.58
1775750400000,54.72,55.52,54.24,54.9
1775664000000,54.64,54.9,53.62,54.7
1775577600000,53.43,55.76,53.29,54.65
1775491200000,54.27,54.4,52.93,53.43
1775404800000,53.23,54.61,53.09,54.28
1775318400000,53.48,53.87,52.6,53.22
1775232000000,52.93,53.63,52.9,53.48
1775145600000,51.98,53.27,51.62,52.92
1775059200000,54.25,54.59,51.41,51.97
1774972800000,53.41,54.78,53.31,54.26
1774886400000,53.91,54.24,53.07,53.4
1774800000000,53.51,54.41,52.24,53.92
1774713600000,54.57,54.79,53.42,53.52
1774627200000,54.32,54.93,53.27,54.55
1774540800000,54.7,55.2,53.49,54.34
1774454400000,56.03,56.78,54.41,54.71
1774368000000,55.7,56.74,55.35,56.04
1774281600000,55.1,56.02,55.02,55.7
1774195200000,54.24,56.17,53.02,55.08
1774108800000,55.77,56.38,53.78,54.24
1774022400000,55.61,56.59,55.27,55.75
1773936000000,55.02,56.29,54.79,55.6
1773849600000,55.51,56.35,54.63,55.02
1773763200000,58.08,58.7,55.32,55.51
1773676800000,57.83,59.26,57.31,58.07
1773590400000,55.09,58.42,54.93,57.83
1773504000000,54.46,55.58,54.38,55.1
1773417600000,55.31,56.07,54.37,54.48
1773331200000,54.32,56.71,54.03,55.33
1773244800000,54.56,55.28,53.76,54.33
1773158400000,54.77,55.08,53.43,54.56
1773072000000,53.9,55,53.64,54.75
1772985600000,52.68,54.42,51.86,53.92
1772899200000,53.76,53.99,52.51,52.69
1772812800000,53.67,54.29,53.12,53.76
1772726400000,55.89,56.05,53.46,53.68
1772640000000,56.92,57.65,55.49,55.89
1772553600000,54.04,57,53.87,56.93
1772467200000,55.02,55.73,53.03,54.03
1772380800000,54.28,55.5,52.46,55.02
1772294400000,52.59,55.53,52.36,54.25
1772208000000,54.73,54.95,51.49,52.58
1772121600000,55.79,56.38,54.4,54.74
1772035200000,57.79,59,55.34,55.79
1771948800000,51.28,58.19,51.05,57.8
1771862400000,52.13,52.35,50.2,51.27
1771776000000,53.31,53.62,50.88,52.13
1771689600000,55.7,55.99,52.96,53.32
1771603200000,54.87,55.82,54.27,55.69
1771516800000,51.83,54.96,51.43,54.88
1771430400000,54.49,54.63,51.49,51.84
1771344000000,53.81,54.93,53.44,54.5
1771257600000,53.6,55.84,53.18,53.8
1771171200000,55.07,55.36,53.38,53.61
1771084800000,56.14,56.69,54.33,55.08
1770998400000,54.38,56.3,54.25,56.12
1770912000000,52.85,54.81,51.53,54.38
1770825600000,51.24,53.8,51.13,52.84
1770739200000,53.38,53.84,51,51.23
1770652800000,54.38,55.11,52.84,53.37
1770566400000,54.89,55.5,52.37,54.39
1770480000000,54.39,55.98,54.14,54.9
1770393600000,54.37,56.46,52.87,54.38
1770307200000,53.94,54.95,45.03,54.36
1770220800000,58.18,59.66,52.68,53.91
1770134400000,60.38,61.42,56.89,58.18
1770048000000,61.04,61.16,58.93,60.35
1769961600000,58.4,61.15,56.51,61.06
1769875200000,60.21,61.18,55,58.41
1769788800000,64.83,66,59.43,60.2
1769702400000,65.44,66.71,62.66,64.84
1769616000000,69.02,69.88,64.74,65.46
1769529600000,69.95,70.48,68.43,69
1769443200000,69.08,70.13,68.64,69.93
1769356800000,69.5,70.05,65.23,69.06
1769270400000,68.3,70.33,67.72,69.51
1769184000000,68.23,69.17,67.09,68.3
1769097600000,68.06,69.64,67,68.22
1769011200000,69.15,69.72,66.03,68.05
1768924800000,68.7,69.38,65.88,69.14
1768838400000,70.71,71.74,68.41,68.69
1768752000000,74.88,75.54,65.34,70.69
1768665600000,74.89,75.86,74.28,74.87
1768579200000,71.96,76.05,71.64,74.9
1768492800000,72.34,73.36,70.89,71.98
1768406400000,79.73,80.28,69.51,72.35
1768320000000,77.05,80.95,75.93,79.74
1768233600000,77.18,77.72,75.26,77.05
1768147200000,80.57,81.17,75.63,77.19
1768060800000,81.54,81.85,80.41,80.54
1767974400000,81.32,82.4,80.77,81.56
1767888000000,81.37,82.1,79.93,81.31
1767801600000,81.55,82.29,80,81.38
1767715200000,83.52,84.14,81.2,81.56
1767628800000,83.42,84.88,82.08,83.53
1767542400000,82.66,83.65,81.43,83.42
1767456000000,81.24,83.06,81.16,82.67
1767369600000,80.53,82.8,80.45,81.24
1767283200000,78.85,81.13,78.58,80.54
1767196800000,77.59,79.17,76.08,78.84
1767110400000,78.7,79.06,77.15,77.6
1767024000000,78.27,78.8,77.42,78.68
1766937600000,79.37,80.24,76.94,78.24
1766851200000,78.68,80.56,78.56,79.35
1766764800000,76.65,78.77,76.1,78.64
1766678400000,77.02,77.99,75.35,76.65
1766592000000,75.92,77.31,75.41,76.97
1766505600000,76.69,77.97,75.23,75.97
1766419200000,79.32,79.43,75.54,76.71
1766332800000,75.92,79.5,75.82,79.32
1766246400000,76.71,79.45,75.46,75.97
1766160000000,76.23,77.99,76.02,76.71
1766073600000,77.67,77.89,72.67,76.24
1765987200000,78.26,78.66,74.8,77.67
1765900800000,79.43,81.08,77.92,78.3
1765814400000,77.85,79.58,75.78,79.43
1765728000000,78.9,81.44,77.5,77.88
1765641600000,81.75,82.02,78.79,78.9
1765555200000,81.36,82.45,80.5,81.75
1765468800000,81.04,84.46,80.58,81.39
1765382400000,84.21,87.08,80.25,81.05
1765296000000,85.87,87.54,83.74,84.21
1765209600000,83.36,85.91,82.46,85.87
1765123200000,81.63,84.17,80.14,83.36
1765036800000,80.9,82.75,79.9,81.62
1764950400000,82.01,82.04,79.62,80.85
1764864000000,84.48,84.67,81.58,82.01
