1764777600000,85.15,86.79,83.3,84.49
1764691200000,82.5,85.98,81.75,85.14
1764604800000,75.65,83.06,75.05,82.48
1764518400000,83.93,84.51,74.7,75.64
1764432000000,84.42,84.84,83.13,83.92
1764345600000,85.98,86,83.15,84.4
1764259200000,87.24,87.78,84.43,85.97
1764172800000,83.82,87.71,83.82,87.22
1764086400000,84.21,86.75,83.32,83.83
1764000000000,84.19,87.24,83.03,84.2
1763913600000,83.77,85,82.19,84.18
1763827200000,81.53,84.38,81.31,83.77
1763740800000,82.04,84.54,80.35,81.52
1763654400000,90.39,90.49,80.04,82.05
1763568000000,91.69,93.84,88.88,90.4
1763481600000,96.36,97.37,91.52,91.73
1763395200000,94.71,97.54,90.48,96.36
1763308800000,97.85,98.67,93.72,94.69
1763222400000,104.18,104.39,97.7,97.8
1763136000000,96.92,109.54,95.83,104.2
1763049600000,99.55,100.12,93.26,96.89
1762963200000,100.03,102.7,94.91,99.52
1762876800000,101.02,104.28,98.79,100.04
1762790400000,107.41,109.11,99.7,101.02
1762704000000,106.78,113.68,104.51,107.46
1762617600000,98.67,109.86,98.05,106.84
1762531200000,93.12,104.83,92.44,98.72
1762444800000,86.64,94.44,85.2,93.12
1762358400000,87.79,89.95,86.27,86.63
1762272000000,87.52,88.33,79.66,87.79
1762185600000,87.7,91.2,85.2,87.5
1762099200000,98.39,99.75,85.32,87.69
1762012800000,98.69,101.89,98.25,98.38
1761926400000,95.63,99.76,93.98,98.66
1761840000000,92.15,96.11,90.4,95.64
1761753600000,98.2,99.86,91.68,92.14
1761667200000,99.09,100.71,95.31,98.19
1761580800000,102.05,106.94,97.06,99.1
1761494400000,99.21,102.46,98.13,102.04
1761408000000,96.11,99.64,96.02,99.2
1761321600000,95.24,97.07,94.95,96.11
1761235200000,94.04,97.46,92.91,95.24
1761148800000,92.9,94.98,89.94,94.03
1761062400000,96.29,96.95,90.92,92.89
1760976000000,94.84,96.66,91.65,96.29
1760889600000,94.14,95.8,92.27,94.85
1760803200000,91.11,94.63,90.45,94.15
1760716800000,90,91.91,89.5,91.11
1760630400000,91.78,93.24,84.26,89.98
1760544000000,94.71,96.92,91.46,91.78
1760457600000,95.59,99.94,94.15,94.7
1760371200000,97.87,101.37,91.16,95.58
1760284800000,98.21,102.14,94.81,97.86
1760198400000,96.04,98.6,90.06,98.2
1760112000000,127.09,129.26,51.73,96.04
1760025600000,118.31,135.86,115.58,127.1
1759939200000,116.37,119.79,115.42,118.31
1759852800000,116.13,118.31,115.33,116.37
1759766400000,120.54,120.67,115.14,116.13
1759680000000,119.82,121.46,118.05,120.54
1759593600000,117.82,124.14,117.79,119.82
1759507200000,120.03,124.84,117.44,117.81
1759420800000,118.81,120.18,115.8,120.04
1759334400000,111.36,122.66,110.47,118.79
1759248000000,104.52,111.73,104.2,111.34
1759161600000,106.39,107.33,103.84,104.51
1759075200000,104.58,107.62,104.38,106.36
1758988800000,104.92,104.96,102.76,104.57
1758902400000,103.38,104.93,103.33,104.91
1758816000000,104.53,104.72,100.23,103.39
1758729600000,106.84,107.11,101.81,104.53
1758643200000,106.76,107.67,104.57,106.84
1758556800000,105.28,107.24,104.43,106.75
1758470400000,115.48,115.96,101.99,105.28
1758384000000,114.7,116.31,113.62,115.47
1758297600000,115.49,115.84,113.38,114.69
1758211200000,117.05,119.47,114.56,115.48
1758124800000,113.87,118.13,113.14,117.05
1758038400000,115.06,115.89,113.54,113.89
1757952000000,113.13,115.24,111.75,115.08
1757865600000,114.75,116.75,112.4,113.14
1757779200000,119.12,120.71,113.81,114.75
1757692800000,116.53,120.82,116.4,119.12
1757606400000,113.94,116.91,113.83,116.54
1757520000000,114.35,118.74,113,113.92
1757433600000,111.4,115.26,110.98,114.33
1757347200000,113.46,114.69,110.84,111.39
1757260800000,114.71,115.5,112.01,113.46
1757174400000,111.45,115.42,111.34,114.72
1757088000000,112.34,113.35,111.23,111.44
1757001600000,110.04,115.08,109.53,112.32
1756915200000,112.85,113.49,109.74,110.05
1756828800000,109.56,113.33,109.33,112.84
1756742400000,109.53,112,106.38,109.52
1756656000000,110.73,111.36,107.26,109.52
1756569600000,110.63,111.93,109.69,110.71
1756483200000,109.93,111.28,108.31,110.64
1756396800000,112.61,113.94,108.77,109.92
1756310400000,113.74,114.62,111.32,112.63
1756224000000,112,116.27,111.82,113.71
1756137600000,111.72,112.71,106.71,111.99
1756051200000,119.35,124.77,110.5,111.7
1755964800000,120.88,122.09,118.29,119.31
1755878400000,119.46,123.64,119.46,120.86
1755792000000,114.15,120.51,112.55,119.46
1755705600000,114.98,117.3,114.01,114.14
1755619200000,114.12,116.04,112.07,114.96
1755532800000,118.08,119.11,113.22,114.13
1755446400000,122.37,123,115.26,118.09
1755360000000,118.87,123.22,118.73,122.36
1755273600000,117.61,120.81,116.61,118.86
1755187200000,122.76,123.25,116.54,117.64
1755100800000,130.06,133.89,120.31,122.78
1755014400000,124.44,134.14,123.78,130.06
1754928000000,125.23,127.12,118.34,124.46
1754841600000,124.23,128.1,122.09,125.23
1754755200000,121.15,126,118.23,124.24
1754668800000,121.37,126.41,120.89,121.15
1754582400000,121.14,124.46,119.3,121.38
1754496000000,118.3,122.32,116.97,121.15
1754409600000,122.04,123.92,115.18,118.28
1754323200000,117.83,129.16,117.5,122.05
1754236800000,109.9,119.7,108.57,117.84
1754150400000,108.13,110.26,104.07,109.91
1754064000000,106.35,110.12,104,108.14
1753977600000,109.25,110.43,103.13,106.36
1753891200000,109.42,111.87,105.3,109.24
1753804800000,108.08,110.4,106.74,109.41
1753718400000,110.38,111,107.06,108.09
1753632000000,113.51,116.43,109.82,110.36
1753545600000,113.82,115.6,112.33,113.54
1753459200000,110.54,114.62,109.33,113.82
1753372800000,113.48,116.4,108.21,110.56
1753286400000,114.62,115.44,106.6,113.46
1753200000000,115.82,122.28,110.88,114.61
1753113600000,118.25,118.39,112.59,115.82
1753027200000,117.15,121.94,113.94,118.24
1752940800000,101.2,120.12,101.08,117.17
1752854400000,103.85,105.75,99.66,101.19
1752768000000,101.3,112.15,99.83,103.85
1752681600000,96.84,101.73,95.33,101.31
1752595200000,93.44,98.02,93.36,96.84
1752508800000,95.43,96.45,91.2,93.44
1752422400000,96.14,97.98,93.85,95.45
1752336000000,91.15,96.62,90.97,96.14
1752249600000,96.69,97.79,90.73,91.15
1752163200000,91.2,98.34,91.16,96.67
1752076800000,88.52,91.45,88.29,91.2
1751990400000,86.36,89.08,86.25,88.52
1751904000000,86.11,87.09,85.15,86.36
1751817600000,87.98,88.51,85.88,86.11
1751731200000,86.45,88.43,85.99,87.98
1751644800000,86.62,87.33,85.66,86.45
1751558400000,88.95,90.13,86.28,86.6
1751472000000,86.15,92.29,86.11,88.94
1751385600000,84.33,86.2,82.41,86.14
1751299200000,85.97,87.13,84.11,84.34
1751212800000,86.64,88.49,84.76,85.97
1751126400000,86.48,87.36,85.84,86.63
1751040000000,84.3,86.63,83.18,86.48
1750953600000,84.79,85.65,83.31,84.3
1750867200000,84.14,85.93,83.77,84.78
1750780800000,84.38,85.48,83.95,84.13
1750694400000,81.11,85.42,79.47,84.36
1750608000000,77.64,82.27,76.17,81.1
1750521600000,82.79,83.13,77.43,77.65
1750435200000,83.78,84.12,80.96,82.79
1750348800000,84.84,85.98,83.64,83.78
1750262400000,84.83,85.95,83.73,84.8
1750176000000,84.1,85.77,82.5,84.83
1750089600000,87.95,88.92,83.75,84.1
1750003200000,86.15,88.8,84.91,87.97
1749916800000,85.32,86.56,84.22,86.14
1749830400000,84.18,86.88,83.78,85.33
1749744000000,87.92,89.9,81.31,84.17
1749657600000,93.39,94.18,87.81,87.92
1749571200000,90.95,93.62,90.61,93.39
1749484800000,88.12,93.08,88.12,90.94
1749398400000,88.06,89.55,86.72,88.12
1749312000000,88.99,89.29,86.59,88.03
1749225600000,86.56,88.98,86.2,88.98
1749139200000,87.54,87.6,81.79,86.58
1749052800000,90.04,90.13,86.83,87.55
1748966400000,89.88,90.99,88.68,90.05
1748880000000,88.43,90.58,87.73,89.83
1748793600000,87.74,89.9,86.79,88.41
1748707200000,87.02,87.93,85.74,87.74
1748620800000,89.62,89.92,83.15,87.01
1748534400000,95.75,96.11,88.97,89.6
1748448000000,94.48,98.93,93.5,95.72
1748361600000,96.36,97.5,93.98,94.49
1748275200000,97.17,97.48,93.05,96.35
1748188800000,94.36,97.64,93.39,97.18
1748102400000,96.98,96.98,93.1,94.36
1748016000000,98.35,99.4,94.59,96.98
1747929600000,99.21,102.91,95.09,98.34
1747843200000,96.66,100.2,94.21,99.2
1747756800000,93.89,96.78,92.97,96.66
1747670400000,97.8,99.68,92.32,93.9
1747584000000,101.82,102.45,94.27,97.79
1747497600000,97.61,101.89,95.66,101.82
1747411200000,101.55,102.17,97.04,97.64
1747324800000,98.4,101.7,97.41,101.55
1747238400000,99.99,101.9,95.54,98.44
1747152000000,101.17,105.96,99,100.01
1747065600000,100.37,105.09,98.31,101.19
1746979200000,99.4,104.3,98.22,100.37
1746892800000,101.82,105.99,98.1,99.46
1746806400000,98.34,107,97.56,101.85
1746720000000,93.18,101.53,92.11,98.34
1746633600000,88.8,94.41,87.22,93.17
1746547200000,82.29,93.58,81.87,88.8
1746460800000,85.74,87.79,81.02,82.27
1746374400000,86.63,89.53,84.68,85.76
1746288000000,86.84,87.21,85.52,86.64
1746201600000,88.32,89.24,86.19,86.83
1746115200000,87.58,91.04,87.58,88.3
1746028800000,82.83,88.14,82.48,87.59
1745942400000,85.24,87.48,81.45,82.85
1745856000000,84.51,87.06,83.85,85.22
1745769600000,86.24,88.1,83.72,84.51
1745683200000,86.62,87.89,84.59,86.24
1745596800000,86.53,88,85.17,86.64
1745510400000,83.4,87.25,82.58,86.51
1745424000000,83.61,84.35,80.78,83.39
1745337600000,82.59,85.24,82.2,83.61
1745251200000,79.87,83.01,77.38,82.59
1745164800000,75.98,81.81,75.95,79.86
1745078400000,75.69,76.97,74.23,76.01
1744992000000,75.89,77.07,75.36,75.7
1744905600000,75.14,76.54,74.61,75.9
1744819200000,74.99,76.06,73.29,75.15
1744732800000,75.68,76.54,73.59,74.99
1744646400000,76.43,78.71,75.47,75.67
1744560000000,78.11,80.7,76.37,76.44
1744473600000,79.03,79.64,77.28,78.12
1744387200000,76.33,80.1,74.93,79.03
1744300800000,71.45,77.54,71.11,76.32
1744214400000,71.42,78.37,71.11,71.45
1744128000000,71.52,72.12,66.5,71.42
1744041600000,70.03,73.53,69.15,71.53
1743955200000,78.86,78.98,63.04,70.04
1743868800000,82.21,83.12,78.1,78.88
1743782400000,84.48,84.99,82.06,82.21
1743696000000,81.85,85.09,81.23,84.48
1743609600000,85.74,88.56,80.13,81.88
1743523200000,85.65,87.39,81.18,85.68
1743436800000,83.24,85.91,82.57,85.64
1743350400000,86.45,86.89,80.8,83.21
1743264000000,86.05,86.8,84.13,86.44
1743177600000,87.27,88.05,84.96,86.04
1743091200000,93.31,93.51,86.74,87.27
1743004800000,93.07,95.01,90.9,93.32
1742918400000,93.46,96.49,92.69,93.13
1742832000000,94.12,95.6,91.87,93.42
1742745600000,92.74,94.98,90.65,94.13
1742659200000,90.91,93.01,90.77,92.74
1742572800000,93.42,93.94,90.42,90.92
1742486400000,91.61,93.86,90.09,93.39
1742400000000,92.16,94.56,90.45,91.63
1742313600000,88.21,92.37,87.6,92.18
1742227200000,93.47,94.38,87.11,88.22
1742140800000,89.22,94.38,89.05,93.47
1742054400000,92.66,93.67,88.35,89.23
1741968000000,91.43,94.25,90.83,92.66
1741881600000,88.59,92.9,86.28,91.4
1741795200000,89.75,91.95,88.05,88.59
1741708800000,89.97,93.3,87.3,89.76
1741622400000,92.9,93.11,83.07,89.98
1741536000000,99.9,101,91.26,92.89
1741449600000,103.9,104.9,97.45,99.93
1741363200000,104.17,108.69,102.15,103.91
1741276800000,105.47,105.89,97.28,104.2
1741190400000,101.98,113.13,101.42,105.47
1741104000000,100.04,106.85,93.97,101.98
1741017600000,113.75,115.85,98.82,100.05
1740931200000,121.46,130.39,112.5,113.74
1740844800000,125.2,126.39,117.45,121.41
1740758400000,124.96,131,122.96,125.19
1740672000000,128.73,128.79,114.14,125
1740585600000,126.39,132.25,121.23,128.72
1740499200000,111.74,128.4,109.9,126.35
1740412800000,122.44,124.26,105.89,111.7
1740326400000,127.17,130.51,120.12,122.37
1740240000000,128.53,129.6,125.2,127.2
1740153600000,132.83,135.09,123.7,128.52
1740067200000,127.93,139.98,125.88,132.83
1739980800000,136.51,138.45,126.66,127.9
1739894400000,124.81,139.85,120.7,136.52
1739808000000,122.08,128.41,119.85,124.76
1739721600000,127.08,128.85,121.79,122.09
1739635200000,133.86,137.53,126.23,127.08
1739548800000,127.95,134.84,124.3,133.9
1739462400000,122.45,133.79,120.76,127.95
1739376000000,115.84,129.27,115.39,122.51
1739289600000,125.1,125.92,111.35,115.83
1739203200000,118.02,132.08,117.61,125.08
1739116800000,108.02,119.98,102.27,117.99
1739030400000,102.55,108.78,102,108.02
1738944000000,106.11,106.28,100.59,102.55
