1764777600000,0.27932,0.28286,0.27864,0.28282
1764691200000,0.28235,0.28317,0.27786,0.27933
1764604800000,0.27813,0.28235,0.27538,0.28235
1764518400000,0.28235,0.28338,0.27583,0.2781
1764432000000,0.2816,0.28292,0.27947,0.28234
1764345600000,0.28035,0.28231,0.27994,0.2816
1764259200000,0.27846,0.28219,0.27846,0.28034
1764172800000,0.27462,0.27846,0.2744,0.27846
1764086400000,0.27177,0.27571,0.27163,0.27462
1764000000000,0.27641,0.27744,0.2708,0.27175
1763913600000,0.27547,0.27762,0.27444,0.27636
1763827200000,0.27355,0.27575,0.27315,0.27546
1763740800000,0.27627,0.27824,0.27302,0.27355
1763654400000,0.28131,0.28231,0.27375,0.27631
1763568000000,0.28374,0.28832,0.28116,0.2813
1763481600000,0.29138,0.29312,0.28357,0.28377
1763395200000,0.29392,0.2959,0.28675,0.29144
1763308800000,0.29232,0.29644,0.28943,0.29392
1763222400000,0.29289,0.29945,0.29204,0.29222
1763136000000,0.29608,0.29866,0.29104,0.29298
1763049600000,0.29689,0.29808,0.28803,0.29605
1762963200000,0.29625,0.29996,0.29337,0.29695
1762876800000,0.29954,0.30134,0.29596,0.29629
1762790400000,0.29391,0.30094,0.29351,0.29954
1762704000000,0.29162,0.29594,0.29005,0.29393
1762617600000,0.29093,0.29213,0.28881,0.29167
1762531200000,0.28664,0.29486,0.28661,0.29093
1762444800000,0.28246,0.28764,0.2819,0.28664
1762358400000,0.28762,0.29049,0.28203,0.28246
1762272000000,0.28307,0.28867,0.27689,0.28764
1762185600000,0.28782,0.28853,0.27628,0.28306
1762099200000,0.29591,0.29876,0.2872,0.28776
1762012800000,0.29707,0.29809,0.29502,0.29594
1761926400000,0.29616,0.29758,0.29352,0.29707
1761840000000,0.29168,0.29674,0.28818,0.2962
1761753600000,0.29534,0.29862,0.28988,0.29169
1761667200000,0.29895,0.29986,0.29302,0.29535
1761580800000,0.29885,0.30069,0.29504,0.29896
1761494400000,0.30032,0.30235,0.29733,0.29883
1761408000000,0.29806,0.30146,0.29414,0.30032
1761321600000,0.3074,0.3074,0.29405,0.29802
1761235200000,0.31607,0.31785,0.30701,0.3074
1761148800000,0.32175,0.32369,0.31552,0.31603
1761062400000,0.325,0.32543,0.31716,0.32177
1760976000000,0.32197,0.325,0.31729,0.325
1760889600000,0.3199,0.32442,0.3178,0.32193
1760803200000,0.3138,0.32024,0.31228,0.31991
1760716800000,0.30905,0.31427,0.30755,0.3138
1760630400000,0.31774,0.32086,0.30446,0.30904
1760544000000,0.31204,0.32366,0.3114,0.31777
1760457600000,0.31402,0.32153,0.31151,0.31203
1760371200000,0.32084,0.32421,0.30745,0.31401
1760284800000,0.32288,0.32434,0.31987,0.3208
1760198400000,0.31966,0.32318,0.31072,0.3229
1760112000000,0.33033,0.33228,0.30195,0.31965
1760025600000,0.33541,0.33726,0.3276,0.33032
1759939200000,0.3367,0.34267,0.33461,0.33541
1759852800000,0.33987,0.33987,0.33618,0.33668
1759766400000,0.34549,0.34736,0.33935,0.33987
1759680000000,0.34234,0.34663,0.34035,0.3455
1759593600000,0.34039,0.34451,0.33922,0.34237
1759507200000,0.3438,0.34594,0.33959,0.34039
1759420800000,0.34211,0.34459,0.34153,0.3437
1759334400000,0.33985,0.34269,0.33958,0.34212
1759248000000,0.33319,0.34055,0.33144,0.33982
1759161600000,0.33571,0.33796,0.33267,0.33321
1759075200000,0.33617,0.33646,0.33236,0.33569
1758988800000,0.33776,0.33813,0.33553,0.33616
1758902400000,0.33551,0.34009,0.33505,0.33776
1758816000000,0.33595,0.33667,0.33126,0.33547
1758729600000,0.33775,0.33963,0.33,0.33597
1758643200000,0.33558,0.33897,0.33452,0.33772
1758556800000,0.34202,0.34264,0.33435,0.33557
1758470400000,0.34381,0.34472,0.3338,0.34203
1758384000000,0.34764,0.34828,0.34154,0.3438
1758297600000,0.34493,0.34822,0.34277,0.34764
1758211200000,0.34759,0.35274,0.34437,0.34491
1758124800000,0.34008,0.34864,0.33861,0.34754
1758038400000,0.341,0.34376,0.33934,0.34008
1757952000000,0.34351,0.34725,0.33965,0.34102
1757865600000,0.34718,0.35179,0.3429,0.34356
1757779200000,0.34996,0.35198,0.3464,0.3472
1757692800000,0.34859,0.35486,0.34793,0.34997
1757606400000,0.34478,0.3499,0.34464,0.3486
1757520000000,0.33873,0.34809,0.33788,0.34479
1757433600000,0.3343,0.34,0.33381,0.33873
1757347200000,0.33426,0.33878,0.32977,0.3343
1757260800000,0.32994,0.33598,0.32786,0.3343
1757174400000,0.32771,0.33128,0.29773,0.32994
1757088000000,0.33258,0.33316,0.32751,0.32771
1757001600000,0.33495,0.33926,0.33061,0.3326
1756915200000,0.34094,0.34202,0.33485,0.33495
1756828800000,0.33625,0.34152,0.33606,0.34095
1756742400000,0.33749,0.34079,0.33367,0.33621
1756656000000,0.34335,0.34342,0.33656,0.33749
1756569600000,0.33797,0.34395,0.33766,0.34335
1756483200000,0.33414,0.34085,0.33328,0.33796
1756396800000,0.34387,0.34597,0.33346,0.33414
1756310400000,0.35072,0.3508,0.34278,0.34388
1756224000000,0.34996,0.353,0.34805,0.35069
1756137600000,0.3526,0.3528,0.33849,0.35
1756051200000,0.36561,0.36878,0.35023,0.35258
1755964800000,0.36371,0.36641,0.36094,0.36561
1755878400000,0.3594,0.3675,0.3594,0.36372
1755792000000,0.35145,0.36076,0.35119,0.3594
1755705600000,0.34845,0.35763,0.3483,0.35145
1755619200000,0.34927,0.35168,0.34592,0.34846
1755532800000,0.34973,0.35299,0.34546,0.3492
1755446400000,0.35191,0.35544,0.34418,0.34972
1755360000000,0.34614,0.3533,0.34599,0.35191
1755273600000,0.35091,0.35493,0.345,0.34615
1755187200000,0.36294,0.36295,0.3494,0.35091
1755100800000,0.35918,0.3703,0.35251,0.36295
1755014400000,0.34935,0.35959,0.34825,0.35917
1754928000000,0.34463,0.34946,0.34261,0.34935
1754841600000,0.34044,0.34486,0.3376,0.34462
1754755200000,0.33548,0.34237,0.33461,0.34044
1754668800000,0.33973,0.34,0.33504,0.33546
1754582400000,0.34057,0.34186,0.33452,0.33973
1754496000000,0.33458,0.34129,0.33367,0.34058
1754409600000,0.33025,0.33605,0.33022,0.3346
1754323200000,0.33231,0.3353,0.32978,0.33026
1754236800000,0.32563,0.33276,0.32541,0.33231
1754150400000,0.32255,0.32779,0.31849,0.32562
1754064000000,0.32691,0.32903,0.32107,0.32254
1753977600000,0.32888,0.3296,0.32291,0.32688
1753891200000,0.32573,0.32998,0.3227,0.32893
1753804800000,0.336,0.34044,0.32,0.32572
1753718400000,0.32407,0.35121,0.31989,0.33602
1753632000000,0.32112,0.3282,0.31878,0.32406
1753545600000,0.31962,0.32304,0.31807,0.32112
1753459200000,0.31492,0.3198,0.31361,0.31961
1753372800000,0.31364,0.31712,0.31053,0.31488
1753286400000,0.31274,0.31452,0.30037,0.31364
1753200000000,0.3138,0.31881,0.309,0.31273
1753113600000,0.31531,0.31596,0.30617,0.31382
1753027200000,0.31812,0.31961,0.31085,0.31527
1752940800000,0.31999,0.32105,0.31581,0.31809
1752854400000,0.32584,0.32784,0.31971,0.31999
1752768000000,0.31678,0.3345,0.31374,0.32584
1752681600000,0.30243,0.31688,0.30236,0.31677
1752595200000,0.29855,0.303,0.29848,0.30241
1752508800000,0.30053,0.30319,0.29515,0.29855
1752422400000,0.30402,0.30508,0.29916,0.30052
1752336000000,0.29783,0.30405,0.29742,0.30402
1752249600000,0.29835,0.307,0.29718,0.2978
1752163200000,0.29071,0.30043,0.29053,0.29833
1752076800000,0.28766,0.29215,0.28727,0.29071
1751990400000,0.28659,0.28832,0.28574,0.28766
1751904000000,0.2872,0.28744,0.2854,0.28654
1751817600000,0.28565,0.28894,0.28426,0.2872
1751731200000,0.28427,0.28584,0.28255,0.28566
1751644800000,0.28242,0.28511,0.28113,0.28428
1751558400000,0.28354,0.28799,0.28168,0.2824
1751472000000,0.28145,0.28621,0.28092,0.28355
1751385600000,0.27868,0.28285,0.27823,0.28145
1751299200000,0.27886,0.2807,0.27781,0.27869
1751212800000,0.27577,0.27895,0.27509,0.27888
1751126400000,0.27479,0.27659,0.27301,0.27577
1751040000000,0.27177,0.2766,0.27099,0.27479
1750953600000,0.27129,0.27256,0.27043,0.27177
1750867200000,0.27053,0.27463,0.27033,0.27129
1750780800000,0.27248,0.275,0.27036,0.27053
1750694400000,0.27076,0.27412,0.26656,0.27244
1750608000000,0.26607,0.27232,0.25885,0.27079
1750521600000,0.27269,0.27488,0.26475,0.26609
1750435200000,0.27362,0.27499,0.27018,0.27269
1750348800000,0.27367,0.27567,0.2718,0.27362
1750262400000,0.27068,0.27626,0.2698,0.27363
1750176000000,0.27506,0.27542,0.26757,0.27069
1750089600000,0.28201,0.28357,0.27184,0.2751
1750003200000,0.27306,0.29538,0.26983,0.282
1749916800000,0.26951,0.27388,0.26858,0.27306
1749830400000,0.26969,0.27207,0.26723,0.26951
1749744000000,0.27408,0.27569,0.26684,0.26963
1749657600000,0.28944,0.28947,0.27065,0.27408
1749571200000,0.29197,0.29378,0.28909,0.28946
1749484800000,0.28375,0.29457,0.28251,0.29195
1749398400000,0.28516,0.28566,0.28085,0.28374
1749312000000,0.28081,0.28768,0.28004,0.28516
1749225600000,0.2794,0.28092,0.27627,0.28082
1749139200000,0.27453,0.28499,0.2662,0.27942
1749052800000,0.27228,0.27519,0.27163,0.27448
1748966400000,0.27048,0.27365,0.26787,0.2723
1748880000000,0.2672,0.2715,0.26588,0.27048
1748793600000,0.26833,0.27183,0.26671,0.26719
1748707200000,0.26703,0.26909,0.26489,0.26833
1748620800000,0.27113,0.2724,0.2631,0.26699
1748534400000,0.27566,0.27685,0.26811,0.27114
1748448000000,0.27446,0.27817,0.27247,0.27566
1748361600000,0.27404,0.27965,0.27384,0.27443
1748275200000,0.27292,0.27899,0.27145,0.27404
1748188800000,0.27068,0.27488,0.26995,0.27293
1748102400000,0.2711,0.27382,0.26863,0.27065
1748016000000,0.26752,0.27411,0.26653,0.2711
1747929600000,0.27752,0.2783,0.26374,0.26751
1747843200000,0.27247,0.28221,0.26578,0.27752
1747756800000,0.27093,0.27549,0.26812,0.27245
1747670400000,0.26499,0.27447,0.26373,0.27093
1747584000000,0.27287,0.27339,0.26011,0.265
1747497600000,0.27114,0.2748,0.26861,0.27287
1747411200000,0.27242,0.27389,0.26686,0.27114
1747324800000,0.27355,0.27818,0.27057,0.2724
1747238400000,0.27738,0.27951,0.2673,0.27355
1747152000000,0.26825,0.27793,0.26821,0.27737
1747065600000,0.27509,0.27687,0.26089,0.26824
1746979200000,0.26069,0.28009,0.25938,0.27516
1746892800000,0.25925,0.26867,0.25882,0.26068
1746806400000,0.2617,0.265,0.2586,0.25923
1746720000000,0.2543,0.26613,0.25381,0.26173
1746633600000,0.24661,0.25555,0.24615,0.2543
1746547200000,0.2452,0.24764,0.24353,0.2466
1746460800000,0.24926,0.24983,0.2438,0.24523
1746374400000,0.24755,0.25052,0.24603,0.24927
1746288000000,0.24619,0.24893,0.24452,0.24757
1746201600000,0.24678,0.24981,0.24601,0.2462
1746115200000,0.2473,0.24767,0.24316,0.24681
1746028800000,0.24446,0.24962,0.24444,0.2473
1745942400000,0.24521,0.24653,0.24231,0.24447
1745856000000,0.24517,0.24987,0.245,0.24522
1745769600000,0.24895,0.2498,0.24341,0.24517
1745683200000,0.25081,0.25448,0.24815,0.24897
1745596800000,0.24374,0.25294,0.24016,0.25084
1745510400000,0.24713,0.24755,0.24216,0.24371
1745424000000,0.24447,0.24743,0.242,0.24714
1745337600000,0.24675,0.24958,0.24335,0.24448
1745251200000,0.24364,0.24929,0.2425,0.24666
1745164800000,0.24487,0.24702,0.24087,0.24361
1745078400000,0.24129,0.24587,0.24061,0.24487
1744992000000,0.24296,0.24384,0.23968,0.24129
1744905600000,0.24852,0.25056,0.24273,0.24295
1744819200000,0.2549,0.25519,0.24389,0.24852
1744732800000,0.24719,0.25524,0.24709,0.2549
1744646400000,0.25319,0.25391,0.2469,0.24716
1744560000000,0.25153,0.2597,0.25148,0.25316
1744473600000,0.25018,0.25167,0.2457,0.25151
1744387200000,0.23973,0.25065,0.23943,0.25018
1744300800000,0.23518,0.23989,0.23449,0.23975
1744214400000,0.2303,0.24401,0.23014,0.23518
1744128000000,0.23515,0.23516,0.22626,0.2303
1744041600000,0.22799,0.23674,0.22672,0.23516
1743955200000,0.23914,0.23958,0.221,0.22801
1743868800000,0.23788,0.24001,0.23553,0.23913
1743782400000,0.23993,0.2407,0.23581,0.2379
1743696000000,0.23419,0.24182,0.23399,0.23994
1743609600000,0.23761,0.24023,0.23016,0.23419
1743523200000,0.23596,0.23999,0.23495,0.23761
1743436800000,0.23746,0.24021,0.23314,0.23603
1743350400000,0.23053,0.23838,0.23041,0.23748
1743264000000,0.23484,0.2358,0.22945,0.23055
1743177600000,0.23187,0.23525,0.23148,0.23485
1743091200000,0.23225,0.23533,0.22901,0.23187
1743004800000,0.22869,0.23522,0.22853,0.23222
1742918400000,0.22718,0.23124,0.22634,0.22872
1742832000000,0.22966,0.2301,0.22578,0.22714
1742745600000,0.23243,0.23243,0.22502,0.22965
1742659200000,0.23442,0.24086,0.23221,0.23243
1742572800000,0.23647,0.23778,0.23282,0.2344
1742486400000,0.23143,0.23748,0.23026,0.23645
1742400000000,0.23049,0.23373,0.2285,0.23146
1742313600000,0.22357,0.24366,0.22354,0.23048
1742227200000,0.21891,0.22542,0.21759,0.22356
1742140800000,0.21552,0.2198,0.21092,0.21887
1742054400000,0.22308,0.22315,0.21245,0.21556
1741968000000,0.22239,0.22505,0.22015,0.22308
1741881600000,0.22596,0.22634,0.22045,0.22238
1741795200000,0.22102,0.22683,0.22091,0.22596
1741708800000,0.2241,0.22793,0.22003,0.22102
1741622400000,0.23519,0.23553,0.2226,0.22409
1741536000000,0.24051,0.24195,0.23,0.2351
1741449600000,0.2462,0.24735,0.24005,0.24053
1741363200000,0.24539,0.25108,0.24315,0.24619
1741276800000,0.24178,0.24698,0.23504,0.24536
1741190400000,0.24303,0.24693,0.24021,0.24181
1741104000000,0.23688,0.24546,0.23181,0.24304
1741017600000,0.24181,0.24347,0.22671,0.23693
1740931200000,0.23938,0.2476,0.23839,0.24182
1740844800000,0.23248,0.23976,0.22988,0.23938
1740758400000,0.22886,0.2373,0.22828,0.2325
1740672000000,0.22802,0.22938,0.21703,0.22886
1740585600000,0.22958,0.23149,0.22276,0.22802
1740499200000,0.22852,0.23389,0.22531,0.2295
1740412800000,0.24595,0.24837,0.22679,0.22851
1740326400000,0.24327,0.2491,0.24165,0.24595
1740240000000,0.23628,0.24387,0.23446,0.24326
1740153600000,0.24406,0.24499,0.2355,0.23629
1740067200000,0.24138,0.25062,0.24127,0.24407
1739980800000,0.24228,0.24354,0.23763,0.2414
1739894400000,0.23335,0.24409,0.23236,0.24227
1739808000000,0.24304,0.24352,0.23286,0.23329
1739721600000,0.24206,0.24766,0.23964,0.243
1739635200000,0.23594,0.24293,0.23545,0.24206
1739548800000,0.23175,0.23726,0.23008,0.23592
1739462400000,0.23639,0.23684,0.23007,0.23173
1739376000000,0.24293,0.24567,0.23456,0.23636
1739289600000,0.24552,0.2457,0.23567,0.24295
1739203200000,0.23927,0.24912,0.2392,0.24548
1739116800000,0.23688,0.23966,0.22784,0.23925
1739030400000,0.23047,0.23761,0.22985,0.23688
1738944000000,0.23118,0.23499,0.22783,0.23047
