1738857600000,0.22697,0.23464,0.22686,0.23115
1738771200000,0.22484,0.23295,0.2214,0.22694
1738684800000,0.22393,0.22894,0.22115,0.22483
1738598400000,0.22539,0.23009,0.21592,0.22395
1738512000000,0.23914,0.23914,0.2,0.22545
1738425600000,0.25387,0.2542,0.23766,0.23913
1738339200000,0.25772,0.258,0.2507,0.25387
1738252800000,0.2505,0.25807,0.2505,0.25771
1738166400000,0.23823,0.2509,0.23586,0.25046
1738080000000,0.24622,0.2463,0.23743,0.23822
1737993600000,0.24442,0.24838,0.24133,0.2462
1737907200000,0.2513,0.25301,0.23205,0.2444
1737820800000,0.25525,0.25542,0.25044,0.25134
1737734400000,0.25825,0.25955,0.25362,0.25525
1737648000000,0.25046,0.26142,0.24672,0.25824
1737561600000,0.25593,0.2585,0.24403,0.25048
1737475200000,0.2411,0.25795,0.24067,0.25592
1737388800000,0.24426,0.24545,0.23379,0.24108
1737302400000,0.24071,0.256,0.2238,0.24409
1737216000000,0.24415,0.24674,0.22837,0.24071
1737129600000,0.24726,0.26802,0.23823,0.24411
1737043200000,0.23851,0.24778,0.23624,0.24727
1736956800000,0.23206,0.24105,0.23106,0.23856
1736870400000,0.22389,0.23239,0.2204,0.232
1736784000000,0.22306,0.22704,0.21751,0.2239
1736697600000,0.23809,0.2383,0.21686,0.22304
1736611200000,0.2416,0.24346,0.23593,0.23807
1736524800000,0.2403,0.24491,0.2395,0.24161
1736438400000,0.24513,0.24596,0.23662,0.24032
1736352000000,0.25215,0.25233,0.23967,0.24513
1736265600000,0.25852,0.25949,0.24629,0.25215
1736179200000,0.26753,0.2717,0.25613,0.25856
1736092800000,0.26286,0.26758,0.25943,0.26751
1736006400000,0.26905,0.27426,0.26115,0.26285
1735920000000,0.26803,0.27317,0.2663,0.269
1735833600000,0.26379,0.26885,0.26091,0.26798
1735747200000,0.25515,0.26569,0.25412,0.26379
1735660800000,0.25662,0.25698,0.25268,0.25507
1735574400000,0.25111,0.25767,0.25048,0.25657
1735488000000,0.2623,0.2623,0.25021,0.25109
1735401600000,0.25692,0.26355,0.2565,0.26231
1735315200000,0.25913,0.26346,0.25669,0.25687
1735228800000,0.25177,0.26549,0.25069,0.25916
1735142400000,0.25666,0.25902,0.24948,0.25178
1735056000000,0.25842,0.25949,0.25431,0.2566
1734969600000,0.24756,0.25866,0.24728,0.25842
1734883200000,0.24568,0.25165,0.24113,0.24757
1734796800000,0.24633,0.25073,0.24158,0.24574
1734710400000,0.24333,0.25627,0.24244,0.24631
1734624000000,0.26095,0.26269,0.22412,0.24335
1734537600000,0.27254,0.27689,0.25208,0.26098
1734451200000,0.28406,0.28862,0.27,0.27254
1734364800000,0.28209,0.30482,0.28107,0.2841
1734278400000,0.28475,0.28947,0.27649,0.28209
1734192000000,0.2831,0.2868,0.27516,0.28467
1734105600000,0.2851,0.29758,0.28001,0.28316
1734019200000,0.29943,0.30996,0.28461,0.28517
1733932800000,0.28537,0.30856,0.27732,0.29943
1733846400000,0.25729,0.28537,0.24911,0.2853
1733760000000,0.29164,0.29765,0.23649,0.25728
1733673600000,0.3172,0.3211,0.29,0.29165
1733587200000,0.32238,0.32333,0.30743,0.31719
1733500800000,0.31819,0.33575,0.31554,0.32237
1733414400000,0.33065,0.33489,0.30826,0.31817
1733328000000,0.35127,0.36258,0.31307,0.33067
1733241600000,0.25861,0.45,0.25547,0.35139
1733155200000,0.21255,0.2891,0.20858,0.25866
1733068800000,0.20881,0.21286,0.20319,0.21257
1732982400000,0.20573,0.20975,0.2021,0.2088
1732896000000,0.2051,0.20601,0.20245,0.20571
1732809600000,0.19972,0.20712,0.19972,0.20508
1732723200000,0.20177,0.20277,0.19722,0.19971
1732636800000,0.19059,0.20234,0.18824,0.20187
1732550400000,0.2001,0.20096,0.18613,0.19058
1732464000000,0.20165,0.21238,0.19505,0.20004
1732377600000,0.2181,0.21853,0.2008,0.20164
1732291200000,0.19997,0.22485,0.19894,0.2181
1732204800000,0.19806,0.20151,0.19672,0.19995
1732118400000,0.19811,0.20142,0.19291,0.19807
1732032000000,0.20177,0.2035,0.1954,0.19804
1731945600000,0.20534,0.20695,0.20091,0.20177
1731859200000,0.19657,0.20701,0.19578,0.20527
1731772800000,0.19916,0.20427,0.19229,0.19658
1731686400000,0.18384,0.20468,0.18314,0.19911
1731600000000,0.1778,0.18997,0.17561,0.18378
1731513600000,0.18114,0.18503,0.17416,0.17775
1731427200000,0.17936,0.19227,0.1735,0.18115
1731340800000,0.1654,0.18489,0.16437,0.17936
1731254400000,0.1658,0.16685,0.1628,0.16539
1731168000000,0.16046,0.16654,0.15996,0.16578
1731081600000,0.16122,0.16153,0.15969,0.16047
1730995200000,0.16014,0.16216,0.15989,0.16122
1730908800000,0.16323,0.16402,0.15955,0.16014
1730822400000,0.1618,0.16408,0.15972,0.16323
1730736000000,0.16429,0.1643,0.16116,0.1618
1730649600000,0.16373,0.16579,0.16364,0.16429
1730563200000,0.16629,0.16663,0.16306,0.16374
1730476800000,0.16641,0.16776,0.16614,0.16629
1730390400000,0.16849,0.16901,0.16622,0.16641
1730304000000,0.16866,0.17052,0.16814,0.1685
1730217600000,0.16548,0.16907,0.16518,0.16866
1730131200000,0.16349,0.16723,0.16332,0.16549
1730044800000,0.16582,0.16586,0.16306,0.1635
1729958400000,0.16394,0.16631,0.16386,0.16582
1729872000000,0.16622,0.16667,0.16186,0.16395
1729785600000,0.1637,0.16686,0.16367,0.16622
1729699200000,0.15996,0.16411,0.15919,0.16367
1729612800000,0.16011,0.16083,0.15958,0.15996
1729526400000,0.15792,0.16125,0.15751,0.1601
1729440000000,0.15661,0.158,0.15552,0.15792
1729353600000,0.15787,0.1579,0.15593,0.15661
1729267200000,0.15915,0.1606,0.15728,0.15788
1729180800000,0.16012,0.16015,0.15877,0.15915
1729094400000,0.15973,0.16055,0.15936,0.1601
1729008000000,0.1581,0.1599,0.15807,0.15971
1728921600000,0.16024,0.16148,0.15765,0.1581
1728835200000,0.16326,0.16341,0.1597,0.16023
1728748800000,0.16301,0.16348,0.16186,0.16327
1728662400000,0.16115,0.16415,0.15904,0.16301
1728576000000,0.15991,0.16126,0.15801,0.16114
1728489600000,0.16171,0.16196,0.15913,0.15991
1728403200000,0.15763,0.16206,0.15748,0.16171
1728316800000,0.15608,0.15768,0.15541,0.15764
1728230400000,0.15459,0.1564,0.15378,0.15607
1728144000000,0.15395,0.15471,0.15303,0.15459
1728057600000,0.1574,0.15744,0.15372,0.15394
1727971200000,0.15482,0.15785,0.15444,0.15742
1727884800000,0.15483,0.1553,0.15348,0.15482
1727798400000,0.15495,0.15513,0.15297,0.15484
1727712000000,0.15603,0.15706,0.15393,0.15497
1727625600000,0.15687,0.15762,0.15476,0.15603
1727539200000,0.15478,0.15688,0.15438,0.15685
1727452800000,0.15535,0.15568,0.15377,0.15477
1727366400000,0.1527,0.15539,0.15269,0.15537
1727280000000,0.15056,0.15289,0.1494,0.15268
1727193600000,0.15172,0.15182,0.15,0.15058
1727107200000,0.15262,0.15282,0.15147,0.15171
1727020800000,0.15126,0.15297,0.15098,0.15262
1726934400000,0.15209,0.15253,0.151,0.15127
1726848000000,0.15198,0.15242,0.1515,0.15209
1726761600000,0.15149,0.15288,0.15061,0.15197
1726675200000,0.14945,0.1517,0.14899,0.15149
1726588800000,0.15113,0.1513,0.14941,0.14944
1726502400000,0.14813,0.15134,0.1481,0.15114
1726416000000,0.1495,0.14979,0.14774,0.14811
1726329600000,0.14738,0.1496,0.14701,0.14951
1726243200000,0.15067,0.15071,0.14716,0.14741
1726156800000,0.15219,0.1526,0.15043,0.15067
1726070400000,0.15263,0.15435,0.15202,0.1522
1725984000000,0.15242,0.15359,0.15168,0.15263
1725897600000,0.15455,0.15502,0.15234,0.15243
1725811200000,0.15278,0.15468,0.15247,0.15455
1725724800000,0.15194,0.15312,0.15081,0.15285
1725638400000,0.14847,0.1521,0.14633,0.15197
1725552000000,0.15027,0.15053,0.14815,0.14848
1725465600000,0.14983,0.15148,0.14907,0.15026
1725379200000,0.15081,0.15225,0.14881,0.14984
1725292800000,0.15609,0.1561,0.1507,0.15082
1725206400000,0.1564,0.15698,0.15439,0.1561
1725120000000,0.15729,0.15811,0.15586,0.15639
1725033600000,0.15966,0.16046,0.15665,0.15728
1724947200000,0.16057,0.1618,0.15911,0.15966
1724860800000,0.1584,0.16163,0.15711,0.16057
1724774400000,0.16189,0.16347,0.15585,0.1584
1724688000000,0.16489,0.16657,0.16036,0.16189
1724601600000,0.16534,0.16869,0.16347,0.16489
1724515200000,0.1595,0.16877,0.15646,0.1653
1724428800000,0.15822,0.1631,0.15649,0.15952
1724342400000,0.1565,0.15924,0.15314,0.15818
1724256000000,0.16,0.16229,0.14705,0.15648
1724169600000,0.15119,0.1669,0.14837,0.16001
1724083200000,0.13948,0.15508,0.1389,0.1512
1723996800000,0.13456,0.13976,0.13394,0.13947
1723910400000,0.13546,0.13579,0.13312,0.13456
1723824000000,0.13199,0.13625,0.13189,0.13545
1723737600000,0.13114,0.13204,0.12936,0.132
1723651200000,0.13049,0.13216,0.12984,0.13115
1723564800000,0.12767,0.13087,0.12766,0.13052
1723478400000,0.12658,0.12769,0.12559,0.12764
1723392000000,0.12839,0.12884,0.12606,0.12658
1723305600000,0.12931,0.12974,0.12807,0.1284
1723219200000,0.12666,0.1297,0.12665,0.12928
1723132800000,0.12641,0.12731,0.12607,0.12666
1723046400000,0.12452,0.12645,0.1239,0.12642
1722960000000,0.1231,0.12547,0.12302,0.12452
1722873600000,0.12174,0.12341,0.12037,0.1231
1722787200000,0.12678,0.12723,0.11682,0.12177
1722700800000,0.12493,0.12869,0.12465,0.1268
1722614400000,0.12325,0.12548,0.12294,0.12494
1722528000000,0.12739,0.12853,0.12296,0.12327
1722441600000,0.1296,0.13014,0.12707,0.1274
1722355200000,0.133,0.13329,0.12938,0.12962
1722268800000,0.13687,0.1385,0.13271,0.133
1722182400000,0.13827,0.13943,0.13496,0.13685
1722096000000,0.13727,0.13831,0.13639,0.13823
1722009600000,0.13769,0.1378,0.13689,0.13726
1721923200000,0.13552,0.1378,0.13503,0.13769
1721836800000,0.13425,0.13649,0.13346,0.13552
1721750400000,0.13346,0.13506,0.13242,0.13423
1721664000000,0.13387,0.13425,0.13111,0.13346
1721577600000,0.13445,0.13728,0.13363,0.13382
1721491200000,0.13431,0.13505,0.13383,0.13445
1721404800000,0.13465,0.13499,0.1337,0.13428
1721318400000,0.13354,0.13585,0.13315,0.13466
1721232000000,0.1344,0.13467,0.13338,0.13354
1721145600000,0.13426,0.13511,0.13359,0.1344
1721059200000,0.13795,0.13809,0.13272,0.13427
1720972800000,0.13763,0.13892,0.13721,0.13794
1720886400000,0.14023,0.14158,0.13738,0.13763
1720800000000,0.13647,0.1405,0.13634,0.14021
1720713600000,0.13447,0.13699,0.13392,0.13648
1720627200000,0.13141,0.13512,0.13096,0.13446
1720540800000,0.12926,0.13169,0.12912,0.13142
1720454400000,0.12489,0.1294,0.12479,0.12926
1720368000000,0.12732,0.12748,0.12283,0.12489
1720281600000,0.12983,0.13095,0.12726,0.12732
1720195200000,0.12712,0.13008,0.1264,0.12984
1720108800000,0.12691,0.12894,0.12105,0.12712
1720022400000,0.12912,0.12974,0.12562,0.12692
1719936000000,0.12844,0.13003,0.12841,0.12908
1719849600000,0.12863,0.12889,0.12775,0.12843
1719763200000,0.12539,0.12933,0.12465,0.1286
1719676800000,0.12553,0.12631,0.12507,0.12539
1719590400000,0.12318,0.12581,0.12298,0.12553
1719504000000,0.12249,0.12337,0.12177,0.12317
1719417600000,0.12364,0.12385,0.12237,0.1225
1719331200000,0.12147,0.12497,0.12122,0.12363
1719244800000,0.11908,0.12203,0.11884,0.12149
1719158400000,0.11975,0.11997,0.11759,0.11905
1719072000000,0.11975,0.12052,0.11937,0.11974
1718985600000,0.11857,0.12005,0.11789,0.11975
1718899200000,0.11676,0.11878,0.11615,0.11857
1718812800000,0.11667,0.1171,0.11571,0.11676
1718726400000,0.115,0.1172,0.11423,0.11666
1718640000000,0.1171,0.11762,0.11263,0.11501
1718553600000,0.11583,0.11821,0.11574,0.11709
1718467200000,0.11492,0.11587,0.11492,0.11583
1718380800000,0.11659,0.11668,0.11487,0.11491
1718294400000,0.11647,0.1171,0.11565,0.11659
1718208000000,0.11756,0.11786,0.11574,0.11647
1718121600000,0.11659,0.1176,0.11611,0.11756
1718035200000,0.1172,0.11803,0.11602,0.1166
1717948800000,0.11656,0.11773,0.11602,0.1172
1717862400000,0.11407,0.11689,0.11374,0.11657
1717776000000,0.11501,0.1151,0.11004,0.11408
1717689600000,0.11489,0.11603,0.11362,0.11501
1717603200000,0.11446,0.11532,0.11388,0.11489
1717516800000,0.11432,0.11492,0.11364,0.11445
1717430400000,0.11327,0.1145,0.11304,0.11432
1717344000000,0.1148,0.11533,0.11289,0.11327
1717257600000,0.11213,0.11492,0.11211,0.1148
1717171200000,0.1119,0.11237,0.11094,0.11212
1717084800000,0.11184,0.11286,0.11104,0.11189
1716998400000,0.11205,0.1125,0.1107,0.11184
1716912000000,0.11117,0.11226,0.11073,0.11205
1716825600000,0.11201,0.11267,0.11031,0.11116
1716739200000,0.11346,0.11365,0.1109,0.112
1716652800000,0.11341,0.1142,0.11321,0.11345
1716566400000,0.11464,0.11615,0.11317,0.11341
1716480000000,0.11577,0.11588,0.11322,0.11463
1716393600000,0.1213,0.1213,0.11529,0.11577
1716307200000,0.12303,0.12391,0.12095,0.12131
1716220800000,0.12212,0.12467,0.12201,0.12302
1716134400000,0.12103,0.12223,0.12081,0.12212
1716048000000,0.1232,0.12346,0.12044,0.12103
1715961600000,0.12505,0.12516,0.12315,0.12321
1715875200000,0.1254,0.12592,0.12394,0.12504
1715788800000,0.12595,0.127,0.12422,0.12541
1715702400000,0.1252,0.12614,0.12489,0.12595
1715616000000,0.12606,0.12648,0.12464,0.1252
1715529600000,0.12684,0.12754,0.12585,0.12607
1715443200000,0.12603,0.12705,0.126,0.12684
1715356800000,0.12607,0.12776,0.12562,0.12601
1715270400000,0.12655,0.127,0.1241,0.12607
1715184000000,0.12308,0.12718,0.12253,0.12655
1715097600000,0.12051,0.12332,0.12025,0.12309
1715011200000,0.11914,0.12071,0.11818,0.12051
1714924800000,0.12133,0.12209,0.11832,0.11915
1714838400000,0.12276,0.12278,0.1209,0.12132
1714752000000,0.12329,0.1239,0.12241,0.12277
1714665600000,0.12335,0.12341,0.12179,0.12329
1714579200000,0.11982,0.12344,0.1196,0.12334
1714492800000,0.1187,0.12069,0.11706,0.11984
1714406400000,0.11826,0.12091,0.11791,0.11872
1714320000000,0.12057,0.12266,0.11766,0.11825
1714233600000,0.12036,0.12151,0.1197,0.12058
1714147200000,0.1195,0.12111,0.11854,0.12035
1714060800000,0.11702,0.11954,0.11638,0.1195
1713974400000,0.1131,0.11702,0.11297,0.11701
1713888000000,0.11258,0.11418,0.11242,0.11311
1713801600000,0.11143,0.113,0.11125,0.11255
1713715200000,0.11081,0.11199,0.11018,0.11142
1713628800000,0.11015,0.11149,0.11,0.11081
1713542400000,0.11028,0.11063,0.10895,0.11015
1713456000000,0.1091,0.1104,0.1049,0.11027
1713369600000,0.1094,0.11111,0.10743,0.10911
1713283200000,0.10916,0.11306,0.10888,0.10941
1713196800000,0.11239,0.11266,0.10909,0.10915
1713110400000,0.11092,0.11537,0.11015,0.11239
1713024000000,0.11332,0.11348,0.10769,0.11092
