1790611200000,0.33461,0.33666,0.33388,0.33399
1790524800000,0.33388,0.33592,0.33285,0.33461
1790438400000,0.33675,0.33683,0.33222,0.33389
1790352000000,0.33659,0.33843,0.33584,0.33675
1790265600000,0.33898,0.34168,0.33619,0.33661
1790179200000,0.3395,0.34407,0.33851,0.339
1790092800000,0.34142,0.34516,0.33935,0.33953
1790006400000,0.3453,0.34932,0.34112,0.34144
1789920000000,0.34451,0.34578,0.34249,0.34531
1789833600000,0.33813,0.34716,0.338,0.34451
1789747200000,0.33959,0.34011,0.33706,0.33813
1789660800000,0.33426,0.33973,0.33354,0.33959
1789574400000,0.33583,0.33643,0.33408,0.33422
1789488000000,0.33583,0.33673,0.33159,0.33582
1789401600000,0.33993,0.34213,0.33577,0.33584
1789315200000,0.34133,0.34169,0.33761,0.33993
1789228800000,0.33997,0.34152,0.33923,0.34133
1789142400000,0.33555,0.34432,0.33544,0.33997
1789056000000,0.33911,0.3412,0.33493,0.33555
1788969600000,0.33833,0.34078,0.33812,0.3391
1788883200000,0.33938,0.33989,0.33781,0.33833
1788796800000,0.33379,0.3403,0.33371,0.33938
1788710400000,0.33533,0.33738,0.33367,0.3338
1788624000000,0.33432,0.33567,0.33285,0.33533
1788537600000,0.3303,0.33437,0.33016,0.33433
1788451200000,0.3317,0.33237,0.32756,0.3303
1788364800000,0.32425,0.33238,0.32359,0.3317
1788278400000,0.32463,0.32561,0.32151,0.32426
1788192000000,0.333,0.33423,0.32401,0.32463
1788105600000,0.34017,0.34156,0.33165,0.33298
1788019200000,0.33824,0.34139,0.3379,0.34017
1787932800000,0.33987,0.34238,0.33764,0.33827
1787846400000,0.3374,0.34189,0.33689,0.33983
1787760000000,0.33442,0.33862,0.33364,0.33738
1787673600000,0.34207,0.34207,0.33345,0.33443
1787587200000,0.34335,0.34676,0.34133,0.34208
1787500800000,0.34345,0.34507,0.34281,0.34337
1787414400000,0.34387,0.34583,0.3419,0.34342
1787328000000,0.34011,0.35081,0.33718,0.34387
1787241600000,0.3387,0.34183,0.33718,0.3401
1787155200000,0.3336,0.33936,0.33154,0.33868
1787068800000,0.33209,0.3352,0.33209,0.33358
1786982400000,0.32972,0.33385,0.32843,0.33206
1786896000000,0.33205,0.33372,0.32964,0.32973
1786809600000,0.33137,0.33249,0.33081,0.33205
1786723200000,0.33239,0.33339,0.3307,0.33138
1786636800000,0.33447,0.33488,0.33235,0.33241
1786550400000,0.3361,0.3387,0.33356,0.33447
1786464000000,0.33493,0.3375,0.33347,0.33609
1786377600000,0.33084,0.33774,0.33053,0.33493
1786291200000,0.33,0.332,0.32952,0.33085
1786204800000,0.32887,0.33041,0.32865,0.32998
1786118400000,0.32762,0.32969,0.32704,0.32887
1786032000000,0.32761,0.32853,0.32641,0.32768
1785945600000,0.3276,0.32893,0.32572,0.3276
1785859200000,0.32853,0.3313,0.32635,0.32759
1785772800000,0.32909,0.33065,0.32737,0.32853
1785686400000,0.32749,0.32962,0.3255,0.32909
1785600000000,0.32855,0.32942,0.32617,0.32747
1785513600000,0.3262,0.32865,0.3258,0.32855
1785427200000,0.32926,0.32974,0.326,0.32621
1785340800000,0.32639,0.32943,0.32533,0.32928
1785254400000,0.32456,0.32763,0.32426,0.32638
1785168000000,0.32871,0.32884,0.32324,0.32457
1785081600000,0.33287,0.33308,0.32863,0.32871
1784995200000,0.33006,0.33348,0.32988,0.33287
1784908800000,0.33033,0.33276,0.32937,0.33005
1784822400000,0.32658,0.33188,0.32534,0.33033
1784736000000,0.32845,0.3295,0.32617,0.32657
1784649600000,0.32868,0.33063,0.32789,0.32844
1784563200000,0.32577,0.32926,0.32566,0.32868
1784476800000,0.32746,0.3276,0.32522,0.32575
1784390400000,0.32273,0.3281,0.32254,0.32745
1784304000000,0.32295,0.32427,0.32179,0.32271
1784217600000,0.3235,0.32399,0.32147,0.32296
1784131200000,0.32772,0.32792,0.32258,0.3235
1784044800000,0.32579,0.32893,0.32481,0.32768
1783958400000,0.32609,0.32656,0.3238,0.32578
1783872000000,0.33116,0.33233,0.3259,0.32608
1783785600000,0.33129,0.33228,0.32938,0.33116
1783699200000,0.3308,0.33182,0.32879,0.33132
1783612800000,0.33152,0.33365,0.32932,0.3308
1783526400000,0.32856,0.33198,0.32789,0.33153
1783440000000,0.33183,0.3331,0.32685,0.32855
1783353600000,0.32764,0.33236,0.32704,0.33186
1783267200000,0.32929,0.33039,0.32636,0.3277
1783180800000,0.32588,0.33039,0.32381,0.32928
1783094400000,0.32079,0.32658,0.32024,0.32589
1783008000000,0.31848,0.32137,0.31706,0.32077
1782921600000,0.31792,0.31968,0.31531,0.31847
1782835200000,0.31682,0.31906,0.31425,0.31792
1782748800000,0.32355,0.32355,0.31635,0.31682
1782662400000,0.32349,0.32471,0.32117,0.32354
1782576000000,0.3208,0.32457,0.3205,0.32348
1782489600000,0.32028,0.32157,0.31911,0.32079
1782403200000,0.32336,0.32488,0.31829,0.32027
1782316800000,0.32749,0.33062,0.32231,0.32339
1782230400000,0.32988,0.3321,0.32716,0.32749
1782144000000,0.33007,0.33434,0.32851,0.32988
1782057600000,0.32676,0.33224,0.32651,0.33007
1781971200000,0.32429,0.32758,0.32408,0.32677
1781884800000,0.32128,0.32635,0.32127,0.32427
1781798400000,0.3182,0.32352,0.31811,0.32128
1781712000000,0.3215,0.32271,0.31793,0.31821
1781625600000,0.31744,0.3215,0.31616,0.3215
1781539200000,0.31968,0.32043,0.31618,0.31745
1781452800000,0.31845,0.3228,0.31823,0.31967
1781366400000,0.31711,0.31871,0.31543,0.31845
1781280000000,0.31388,0.31789,0.31273,0.3171
1781193600000,0.32003,0.32051,0.31061,0.31388
1781107200000,0.32293,0.32338,0.32001,0.32001
1781020800000,0.32192,0.32416,0.32097,0.32293
1780934400000,0.32625,0.32792,0.3207,0.32192
1780848000000,0.328,0.32851,0.32457,0.32625
1780761600000,0.32194,0.32976,0.32091,0.32796
1780675200000,0.32042,0.32375,0.3181,0.32195
1780588800000,0.33118,0.33279,0.32012,0.32049
1780502400000,0.33559,0.33597,0.32638,0.33117
1780416000000,0.33713,0.33904,0.32932,0.33558
1780329600000,0.34673,0.34726,0.33647,0.33713
1780243200000,0.34884,0.35272,0.34599,0.34672
1780156800000,0.34768,0.35075,0.34541,0.34884
1780070400000,0.34789,0.34843,0.34195,0.34768
1779984000000,0.3504,0.3543,0.33972,0.34789
1779897600000,0.37143,0.37165,0.34803,0.3504
1779811200000,0.37575,0.37618,0.37012,0.37144
1779724800000,0.37062,0.37719,0.37062,0.37578
1779638400000,0.36525,0.37374,0.364,0.37063
1779552000000,0.35986,0.36628,0.35929,0.36525
1779465600000,0.36268,0.36341,0.35851,0.35985
1779379200000,0.3633,0.36652,0.35946,0.36267
1779292800000,0.35849,0.36386,0.35813,0.36331
1779206400000,0.35449,0.35923,0.35446,0.35848
1779120000000,0.35438,0.35776,0.35416,0.35449
1779033600000,0.35747,0.35848,0.35381,0.35439
1778947200000,0.353,0.35763,0.3529,0.35747
1778860800000,0.3512,0.35324,0.34906,0.353
1778774400000,0.35417,0.35529,0.35,0.3512
1778688000000,0.34985,0.35557,0.34936,0.35417
1778601600000,0.34819,0.3518,0.34691,0.34985
1778515200000,0.35094,0.35185,0.34761,0.34819
1778428800000,0.35058,0.35285,0.34914,0.35095
1778342400000,0.35209,0.35209,0.34846,0.35058
1778256000000,0.34978,0.3535,0.34928,0.35209
1778169600000,0.3485,0.35188,0.34688,0.34978
1778083200000,0.3449,0.34919,0.34393,0.3485
1777996800000,0.34315,0.34612,0.34199,0.34489
1777910400000,0.33987,0.34338,0.33759,0.34315
1777824000000,0.3383,0.34097,0.33645,0.33987
1777737600000,0.33251,0.34373,0.32933,0.3383
1777651200000,0.32612,0.33288,0.32605,0.33253
1777564800000,0.32578,0.32759,0.32494,0.32611
1777478400000,0.32285,0.32687,0.3227,0.32577
1777392000000,0.32348,0.32419,0.32125,0.32285
1777305600000,0.3249,0.32634,0.32233,0.32348
1777219200000,0.32382,0.32643,0.3231,0.32489
1777132800000,0.32375,0.32462,0.32274,0.32381
1777046400000,0.32564,0.32564,0.31942,0.32377
1776960000000,0.32868,0.33032,0.32511,0.32563
1776873600000,0.32899,0.33013,0.32637,0.32868
1776787200000,0.33028,0.33562,0.32756,0.32898
1776700800000,0.3277,0.3318,0.32623,0.33026
1776614400000,0.33431,0.33672,0.32682,0.3277
1776528000000,0.32948,0.33452,0.32737,0.33431
1776441600000,0.32523,0.3302,0.32514,0.32946
1776355200000,0.32589,0.32741,0.32327,0.32524
1776268800000,0.32727,0.32864,0.32507,0.32588
1776182400000,0.32195,0.32741,0.32166,0.32727
1776096000000,0.32009,0.32206,0.31919,0.32195
1776009600000,0.32266,0.32311,0.31958,0.32009
1775923200000,0.31851,0.32271,0.31838,0.32265
1775836800000,0.31801,0.31925,0.31688,0.31852
1775750400000,0.31885,0.32095,0.31782,0.31801
1775664000000,0.31779,0.31893,0.31637,0.31885
1775577600000,0.31404,0.31827,0.31364,0.31778
1775491200000,0.31768,0.31769,0.31328,0.31404
1775404800000,0.31882,0.3198,0.31663,0.31768
1775318400000,0.31689,0.31952,0.31688,0.31882
1775232000000,0.31434,0.318,0.31421,0.31688
1775145600000,0.31489,0.3155,0.3124,0.31434
1775059200000,0.31546,0.31661,0.31428,0.31492
1774972800000,0.31219,0.31679,0.31085,0.31545
1774886400000,0.31806,0.32173,0.31176,0.31217
1774800000000,0.31801,0.3247,0.31655,0.31806
1774713600000,0.3155,0.32025,0.31489,0.31801
1774627200000,0.30921,0.31723,0.30814,0.31547
1774540800000,0.31102,0.31731,0.30772,0.3092
1774454400000,0.31143,0.31659,0.31024,0.31103
1774368000000,0.31024,0.31147,0.3054,0.31142
1774281600000,0.30562,0.31217,0.30335,0.31025
1774195200000,0.31479,0.31898,0.3048,0.30562
1774108800000,0.30919,0.31518,0.30796,0.31482
1774022400000,0.30809,0.31302,0.3071,0.30918
1773936000000,0.29998,0.30835,0.29912,0.3081
1773849600000,0.30221,0.3053,0.2998,0.30001
1773763200000,0.30441,0.30947,0.29917,0.30221
1773676800000,0.29778,0.305,0.29515,0.30442
1773590400000,0.29882,0.29918,0.29641,0.29777
1773504000000,0.2983,0.29923,0.29593,0.2988
1773417600000,0.28966,0.29836,0.28953,0.29829
1773331200000,0.28965,0.29079,0.28855,0.28965
1773244800000,0.29044,0.2921,0.2886,0.28966
1773158400000,0.28433,0.29054,0.28419,0.29044
1773072000000,0.28541,0.28648,0.28366,0.28433
1772985600000,0.28871,0.291,0.28386,0.28541
1772899200000,0.28499,0.2887,0.28481,0.28867
1772812800000,0.28546,0.28597,0.28318,0.28499
1772726400000,0.2833,0.28733,0.28251,0.28547
1772640000000,0.28602,0.28813,0.28262,0.2833
1772553600000,0.28081,0.28614,0.27901,0.28602
1772467200000,0.2825,0.28367,0.28017,0.28082
1772380800000,0.28162,0.2834,0.27958,0.28251
1772294400000,0.28033,0.2836,0.28016,0.28162
1772208000000,0.28339,0.28355,0.2783,0.28032
1772121600000,0.2864,0.28641,0.2831,0.2834
1772035200000,0.28482,0.28774,0.2845,0.2864
1771948800000,0.28177,0.2874,0.28172,0.28483
1771862400000,0.28374,0.28374,0.28,0.28178
1771776000000,0.28957,0.29132,0.28361,0.28375
1771689600000,0.28747,0.2898,0.28717,0.28955
1771603200000,0.28624,0.28761,0.2845,0.28747
1771516800000,0.2806,0.28781,0.28054,0.28623
1771430400000,0.28015,0.28124,0.27809,0.2806
1771344000000,0.28026,0.2826,0.27936,0.28016
1771257600000,0.28215,0.28554,0.27938,0.28026
1771171200000,0.28074,0.28243,0.27951,0.28214
1771084800000,0.28319,0.2834,0.27997,0.28074
1770998400000,0.27858,0.284,0.27851,0.28318
1770912000000,0.2775,0.28061,0.27624,0.27857
1770825600000,0.2753,0.27977,0.27523,0.2775
1770739200000,0.27761,0.27889,0.27382,0.2753
1770652800000,0.27775,0.28059,0.27609,0.27761
1770566400000,0.27919,0.27979,0.27611,0.27774
1770480000000,0.27562,0.27958,0.27538,0.27918
1770393600000,0.27233,0.27641,0.27217,0.27562
1770307200000,0.27752,0.27846,0.26748,0.27233
1770220800000,0.28406,0.28477,0.27615,0.27752
1770134400000,0.28327,0.28757,0.2814,0.28403
1770048000000,0.28429,0.28488,0.28238,0.28327
1769961600000,0.28452,0.28709,0.28138,0.28428
1769875200000,0.2876,0.28843,0.28383,0.28453
1769788800000,0.29165,0.29547,0.28663,0.2876
1769702400000,0.29206,0.2955,0.28829,0.29165
1769616000000,0.29115,0.2955,0.29089,0.29204
1769529600000,0.29359,0.29523,0.29075,0.29115
1769443200000,0.2949,0.2972,0.293,0.29359
1769356800000,0.29812,0.29822,0.29434,0.2949
1769270400000,0.29621,0.29898,0.295,0.29812
1769184000000,0.2991,0.30086,0.29393,0.29619
1769097600000,0.30047,0.31106,0.29806,0.2991
1769011200000,0.2992,0.3016,0.29697,0.30049
1768924800000,0.29804,0.29958,0.29481,0.2992
1768838400000,0.31037,0.31407,0.2977,0.29804
1768752000000,0.31961,0.32079,0.30804,0.31037
1768665600000,0.31475,0.32094,0.31447,0.31961
1768579200000,0.30591,0.31556,0.30524,0.31475
1768492800000,0.30821,0.31275,0.30574,0.30592
1768406400000,0.303,0.30892,0.30131,0.3082
1768320000000,0.30144,0.30739,0.30088,0.30295
1768233600000,0.29873,0.3032,0.2983,0.30142
1768147200000,0.29933,0.30338,0.29712,0.29872
1768060800000,0.29925,0.30345,0.29841,0.29935
1767974400000,0.29653,0.2997,0.2964,0.29924
1767888000000,0.29578,0.29693,0.29222,0.29652
1767801600000,0.29644,0.29869,0.29504,0.29577
1767715200000,0.29208,0.29694,0.29131,0.29644
1767628800000,0.29295,0.29342,0.29095,0.29206
1767542400000,0.29465,0.29586,0.29172,0.29294
1767456000000,0.29146,0.29596,0.29146,0.29465
1767369600000,0.28584,0.29159,0.28562,0.29146
1767283200000,0.28468,0.28735,0.28437,0.28583
1767196800000,0.28332,0.2857,0.2829,0.28468
1767110400000,0.28512,0.28689,0.28224,0.28332
1767024000000,0.28236,0.28618,0.28185,0.28512
1766937600000,0.28394,0.2859,0.28145,0.28236
1766851200000,0.28046,0.28549,0.28043,0.28394
1766764800000,0.27785,0.28061,0.27762,0.28046
1766678400000,0.27773,0.28032,0.27673,0.27785
1766592000000,0.28169,0.28239,0.27772,0.27773
1766505600000,0.28256,0.28454,0.28117,0.2817
1766419200000,0.28411,0.28558,0.28239,0.28256
1766332800000,0.28679,0.28918,0.28329,0.2841
1766246400000,0.28004,0.2868,0.27974,0.2868
1766160000000,0.27878,0.28066,0.27824,0.28004
1766073600000,0.2808,0.28208,0.278,0.27879
1765987200000,0.27984,0.28194,0.27691,0.2808
1765900800000,0.2815,0.28292,0.27886,0.27986
1765814400000,0.28058,0.28157,0.2775,0.2815
1765728000000,0.27579,0.28297,0.27577,0.28057
1765641600000,0.27203,0.27598,0.27067,0.27578
1765555200000,0.27489,0.27548,0.27187,0.27203
1765468800000,0.28092,0.28193,0.27455,0.27489
1765382400000,0.27822,0.28173,0.27687,0.28093
1765296000000,0.28019,0.28355,0.27686,0.27823
1765209600000,0.28421,0.28421,0.27981,0.2802
1765123200000,0.28482,0.28825,0.2842,0.28421
1765036800000,0.29023,0.29034,0.2841,0.28481
1764950400000,0.28636,0.29048,0.284,0.29022
1764864000000,0.28281,0.28803,0.28147,0.2864
